1500 1000
1 2
-1 -2
3 4
-3 -4
1 -2
-1 2
5 6
-5 -6
7 8
-7 -8
5 -6
-5 6
9 10
-9 -10
11 12
-11 -12
9 -10
-9 10
13 14
-13 -14
15 16
-15 -16
13 -14
-13 14
17 18
-17 -18
19 20
-19 -20
17 -18
-17 18
21 22
-21 -22
23 24
-23 -24
21 -22
-21 22
25 26
-25 -26
27 28
-27 -28
25 -26
-25 26
29 30
-29 -30
31 32
-31 -32
29 -30
-29 30
33 34
-33 -34
35 36
-35 -36
33 -34
-33 34
37 38
-37 -38
39 40
-39 -40
37 -38
-37 38
41 42
-41 -42
43 44
-43 -44
41 -42
-41 42
45 46
-45 -46
47 48
-47 -48
45 -46
-45 46
49 50
-49 -50
51 52
-51 -52
49 -50
-49 50
53 54
-53 -54
55 56
-55 -56
53 -54
-53 54
57 58
-57 -58
59 60
-59 -60
57 -58
-57 58
61 62
-61 -62
63 64
-63 -64
61 -62
-61 62
65 66
-65 -66
67 68
-67 -68
65 -66
-65 66
69 70
-69 -70
71 72
-71 -72
69 -70
-69 70
73 74
-73 -74
75 76
-75 -76
73 -74
-73 74
77 78
-77 -78
79 80
-79 -80
77 -78
-77 78
81 82
-81 -82
83 84
-83 -84
81 -82
-81 82
85 86
-85 -86
87 88
-87 -88
85 -86
-85 86
89 90
-89 -90
91 92
-91 -92
89 -90
-89 90
93 94
-93 -94
95 96
-95 -96
93 -94
-93 94
97 98
-97 -98
99 100
-99 -100
97 -98
-97 98
101 102
-101 -102
103 104
-103 -104
101 -102
-101 102
105 106
-105 -106
107 108
-107 -108
105 -106
-105 106
109 110
-109 -110
111 112
-111 -112
109 -110
-109 110
113 114
-113 -114
115 116
-115 -116
113 -114
-113 114
117 118
-117 -118
119 120
-119 -120
117 -118
-117 118
121 122
-121 -122
123 124
-123 -124
121 -122
-121 122
125 126
-125 -126
127 128
-127 -128
125 -126
-125 126
129 130
-129 -130
131 132
-131 -132
129 -130
-129 130
133 134
-133 -134
135 136
-135 -136
133 -134
-133 134
137 138
-137 -138
139 140
-139 -140
137 -138
-137 138
141 142
-141 -142
143 144
-143 -144
141 -142
-141 142
145 146
-145 -146
147 148
-147 -148
145 -146
-145 146
149 150
-149 -150
151 152
-151 -152
149 -150
-149 150
153 154
-153 -154
155 156
-155 -156
153 -154
-153 154
157 158
-157 -158
159 160
-159 -160
157 -158
-157 158
161 162
-161 -162
163 164
-163 -164
161 -162
-161 162
165 166
-165 -166
167 168
-167 -168
165 -166
-165 166
169 170
-169 -170
171 172
-171 -172
169 -170
-169 170
173 174
-173 -174
175 176
-175 -176
173 -174
-173 174
177 178
-177 -178
179 180
-179 -180
177 -178
-177 178
181 182
-181 -182
183 184
-183 -184
181 -182
-181 182
185 186
-185 -186
187 188
-187 -188
185 -186
-185 186
189 190
-189 -190
191 192
-191 -192
189 -190
-189 190
193 194
-193 -194
195 196
-195 -196
193 -194
-193 194
197 198
-197 -198
199 200
-199 -200
197 -198
-197 198
201 202
-201 -202
203 204
-203 -204
201 -202
-201 202
205 206
-205 -206
207 208
-207 -208
205 -206
-205 206
209 210
-209 -210
211 212
-211 -212
209 -210
-209 210
213 214
-213 -214
215 216
-215 -216
213 -214
-213 214
217 218
-217 -218
219 220
-219 -220
217 -218
-217 218
221 222
-221 -222
223 224
-223 -224
221 -222
-221 222
225 226
-225 -226
227 228
-227 -228
225 -226
-225 226
229 230
-229 -230
231 232
-231 -232
229 -230
-229 230
233 234
-233 -234
235 236
-235 -236
233 -234
-233 234
237 238
-237 -238
239 240
-239 -240
237 -238
-237 238
241 242
-241 -242
243 244
-243 -244
241 -242
-241 242
245 246
-245 -246
247 248
-247 -248
245 -246
-245 246
249 250
-249 -250
251 252
-251 -252
249 -250
-249 250
253 254
-253 -254
255 256
-255 -256
253 -254
-253 254
257 258
-257 -258
259 260
-259 -260
257 -258
-257 258
261 262
-261 -262
263 264
-263 -264
261 -262
-261 262
265 266
-265 -266
267 268
-267 -268
265 -266
-265 266
269 270
-269 -270
271 272
-271 -272
269 -270
-269 270
273 274
-273 -274
275 276
-275 -276
273 -274
-273 274
277 278
-277 -278
279 280
-279 -280
277 -278
-277 278
281 282
-281 -282
283 284
-283 -284
281 -282
-281 282
285 286
-285 -286
287 288
-287 -288
285 -286
-285 286
289 290
-289 -290
291 292
-291 -292
289 -290
-289 290
293 294
-293 -294
295 296
-295 -296
293 -294
-293 294
297 298
-297 -298
299 300
-299 -300
297 -298
-297 298
301 302
-301 -302
303 304
-303 -304
301 -302
-301 302
305 306
-305 -306
307 308
-307 -308
305 -306
-305 306
309 310
-309 -310
311 312
-311 -312
309 -310
-309 310
313 314
-313 -314
315 316
-315 -316
313 -314
-313 314
317 318
-317 -318
319 320
-319 -320
317 -318
-317 318
321 322
-321 -322
323 324
-323 -324
321 -322
-321 322
325 326
-325 -326
327 328
-327 -328
325 -326
-325 326
329 330
-329 -330
331 332
-331 -332
329 -330
-329 330
333 334
-333 -334
335 336
-335 -336
333 -334
-333 334
337 338
-337 -338
339 340
-339 -340
337 -338
-337 338
341 342
-341 -342
343 344
-343 -344
341 -342
-341 342
345 346
-345 -346
347 348
-347 -348
345 -346
-345 346
349 350
-349 -350
351 352
-351 -352
349 -350
-349 350
353 354
-353 -354
355 356
-355 -356
353 -354
-353 354
357 358
-357 -358
359 360
-359 -360
357 -358
-357 358
361 362
-361 -362
363 364
-363 -364
361 -362
-361 362
365 366
-365 -366
367 368
-367 -368
365 -366
-365 366
369 370
-369 -370
371 372
-371 -372
369 -370
-369 370
373 374
-373 -374
375 376
-375 -376
373 -374
-373 374
377 378
-377 -378
379 380
-379 -380
377 -378
-377 378
381 382
-381 -382
383 384
-383 -384
381 -382
-381 382
385 386
-385 -386
387 388
-387 -388
385 -386
-385 386
389 390
-389 -390
391 392
-391 -392
389 -390
-389 390
393 394
-393 -394
395 396
-395 -396
393 -394
-393 394
397 398
-397 -398
399 400
-399 -400
397 -398
-397 398
401 402
-401 -402
403 404
-403 -404
401 -402
-401 402
405 406
-405 -406
407 408
-407 -408
405 -406
-405 406
409 410
-409 -410
411 412
-411 -412
409 -410
-409 410
413 414
-413 -414
415 416
-415 -416
413 -414
-413 414
417 418
-417 -418
419 420
-419 -420
417 -418
-417 418
421 422
-421 -422
423 424
-423 -424
421 -422
-421 422
425 426
-425 -426
427 428
-427 -428
425 -426
-425 426
429 430
-429 -430
431 432
-431 -432
429 -430
-429 430
433 434
-433 -434
435 436
-435 -436
433 -434
-433 434
437 438
-437 -438
439 440
-439 -440
437 -438
-437 438
441 442
-441 -442
443 444
-443 -444
441 -442
-441 442
445 446
-445 -446
447 448
-447 -448
445 -446
-445 446
449 450
-449 -450
451 452
-451 -452
449 -450
-449 450
453 454
-453 -454
455 456
-455 -456
453 -454
-453 454
457 458
-457 -458
459 460
-459 -460
457 -458
-457 458
461 462
-461 -462
463 464
-463 -464
461 -462
-461 462
465 466
-465 -466
467 468
-467 -468
465 -466
-465 466
469 470
-469 -470
471 472
-471 -472
469 -470
-469 470
473 474
-473 -474
475 476
-475 -476
473 -474
-473 474
477 478
-477 -478
479 480
-479 -480
477 -478
-477 478
481 482
-481 -482
483 484
-483 -484
481 -482
-481 482
485 486
-485 -486
487 488
-487 -488
485 -486
-485 486
489 490
-489 -490
491 492
-491 -492
489 -490
-489 490
493 494
-493 -494
495 496
-495 -496
493 -494
-493 494
497 498
-497 -498
499 500
-499 -500
497 -498
-497 498
501 502
-501 -502
503 504
-503 -504
501 -502
-501 502
505 506
-505 -506
507 508
-507 -508
505 -506
-505 506
509 510
-509 -510
511 512
-511 -512
509 -510
-509 510
513 514
-513 -514
515 516
-515 -516
513 -514
-513 514
517 518
-517 -518
519 520
-519 -520
517 -518
-517 518
521 522
-521 -522
523 524
-523 -524
521 -522
-521 522
525 526
-525 -526
527 528
-527 -528
525 -526
-525 526
529 530
-529 -530
531 532
-531 -532
529 -530
-529 530
533 534
-533 -534
535 536
-535 -536
533 -534
-533 534
537 538
-537 -538
539 540
-539 -540
537 -538
-537 538
541 542
-541 -542
543 544
-543 -544
541 -542
-541 542
545 546
-545 -546
547 548
-547 -548
545 -546
-545 546
549 550
-549 -550
551 552
-551 -552
549 -550
-549 550
553 554
-553 -554
555 556
-555 -556
553 -554
-553 554
557 558
-557 -558
559 560
-559 -560
557 -558
-557 558
561 562
-561 -562
563 564
-563 -564
561 -562
-561 562
565 566
-565 -566
567 568
-567 -568
565 -566
-565 566
569 570
-569 -570
571 572
-571 -572
569 -570
-569 570
573 574
-573 -574
575 576
-575 -576
573 -574
-573 574
577 578
-577 -578
579 580
-579 -580
577 -578
-577 578
581 582
-581 -582
583 584
-583 -584
581 -582
-581 582
585 586
-585 -586
587 588
-587 -588
585 -586
-585 586
589 590
-589 -590
591 592
-591 -592
589 -590
-589 590
593 594
-593 -594
595 596
-595 -596
593 -594
-593 594
597 598
-597 -598
599 600
-599 -600
597 -598
-597 598
601 602
-601 -602
603 604
-603 -604
601 -602
-601 602
605 606
-605 -606
607 608
-607 -608
605 -606
-605 606
609 610
-609 -610
611 612
-611 -612
609 -610
-609 610
613 614
-613 -614
615 616
-615 -616
613 -614
-613 614
617 618
-617 -618
619 620
-619 -620
617 -618
-617 618
621 622
-621 -622
623 624
-623 -624
621 -622
-621 622
625 626
-625 -626
627 628
-627 -628
625 -626
-625 626
629 630
-629 -630
631 632
-631 -632
629 -630
-629 630
633 634
-633 -634
635 636
-635 -636
633 -634
-633 634
637 638
-637 -638
639 640
-639 -640
637 -638
-637 638
641 642
-641 -642
643 644
-643 -644
641 -642
-641 642
645 646
-645 -646
647 648
-647 -648
645 -646
-645 646
649 650
-649 -650
651 652
-651 -652
649 -650
-649 650
653 654
-653 -654
655 656
-655 -656
653 -654
-653 654
657 658
-657 -658
659 660
-659 -660
657 -658
-657 658
661 662
-661 -662
663 664
-663 -664
661 -662
-661 662
665 666
-665 -666
667 668
-667 -668
665 -666
-665 666
669 670
-669 -670
671 672
-671 -672
669 -670
-669 670
673 674
-673 -674
675 676
-675 -676
673 -674
-673 674
677 678
-677 -678
679 680
-679 -680
677 -678
-677 678
681 682
-681 -682
683 684
-683 -684
681 -682
-681 682
685 686
-685 -686
687 688
-687 -688
685 -686
-685 686
689 690
-689 -690
691 692
-691 -692
689 -690
-689 690
693 694
-693 -694
695 696
-695 -696
693 -694
-693 694
697 698
-697 -698
699 700
-699 -700
697 -698
-697 698
701 702
-701 -702
703 704
-703 -704
701 -702
-701 702
705 706
-705 -706
707 708
-707 -708
705 -706
-705 706
709 710
-709 -710
711 712
-711 -712
709 -710
-709 710
713 714
-713 -714
715 716
-715 -716
713 -714
-713 714
717 718
-717 -718
719 720
-719 -720
717 -718
-717 718
721 722
-721 -722
723 724
-723 -724
721 -722
-721 722
725 726
-725 -726
727 728
-727 -728
725 -726
-725 726
729 730
-729 -730
731 732
-731 -732
729 -730
-729 730
733 734
-733 -734
735 736
-735 -736
733 -734
-733 734
737 738
-737 -738
739 740
-739 -740
737 -738
-737 738
741 742
-741 -742
743 744
-743 -744
741 -742
-741 742
745 746
-745 -746
747 748
-747 -748
745 -746
-745 746
749 750
-749 -750
751 752
-751 -752
749 -750
-749 750
753 754
-753 -754
755 756
-755 -756
753 -754
-753 754
757 758
-757 -758
759 760
-759 -760
757 -758
-757 758
761 762
-761 -762
763 764
-763 -764
761 -762
-761 762
765 766
-765 -766
767 768
-767 -768
765 -766
-765 766
769 770
-769 -770
771 772
-771 -772
769 -770
-769 770
773 774
-773 -774
775 776
-775 -776
773 -774
-773 774
777 778
-777 -778
779 780
-779 -780
777 -778
-777 778
781 782
-781 -782
783 784
-783 -784
781 -782
-781 782
785 786
-785 -786
787 788
-787 -788
785 -786
-785 786
789 790
-789 -790
791 792
-791 -792
789 -790
-789 790
793 794
-793 -794
795 796
-795 -796
793 -794
-793 794
797 798
-797 -798
799 800
-799 -800
797 -798
-797 798
801 802
-801 -802
803 804
-803 -804
801 -802
-801 802
805 806
-805 -806
807 808
-807 -808
805 -806
-805 806
809 810
-809 -810
811 812
-811 -812
809 -810
-809 810
813 814
-813 -814
815 816
-815 -816
813 -814
-813 814
817 818
-817 -818
819 820
-819 -820
817 -818
-817 818
821 822
-821 -822
823 824
-823 -824
821 -822
-821 822
825 826
-825 -826
827 828
-827 -828
825 -826
-825 826
829 830
-829 -830
831 832
-831 -832
829 -830
-829 830
833 834
-833 -834
835 836
-835 -836
833 -834
-833 834
837 838
-837 -838
839 840
-839 -840
837 -838
-837 838
841 842
-841 -842
843 844
-843 -844
841 -842
-841 842
845 846
-845 -846
847 848
-847 -848
845 -846
-845 846
849 850
-849 -850
851 852
-851 -852
849 -850
-849 850
853 854
-853 -854
855 856
-855 -856
853 -854
-853 854
857 858
-857 -858
859 860
-859 -860
857 -858
-857 858
861 862
-861 -862
863 864
-863 -864
861 -862
-861 862
865 866
-865 -866
867 868
-867 -868
865 -866
-865 866
869 870
-869 -870
871 872
-871 -872
869 -870
-869 870
873 874
-873 -874
875 876
-875 -876
873 -874
-873 874
877 878
-877 -878
879 880
-879 -880
877 -878
-877 878
881 882
-881 -882
883 884
-883 -884
881 -882
-881 882
885 886
-885 -886
887 888
-887 -888
885 -886
-885 886
889 890
-889 -890
891 892
-891 -892
889 -890
-889 890
893 894
-893 -894
895 896
-895 -896
893 -894
-893 894
897 898
-897 -898
899 900
-899 -900
897 -898
-897 898
901 902
-901 -902
903 904
-903 -904
901 -902
-901 902
905 906
-905 -906
907 908
-907 -908
905 -906
-905 906
909 910
-909 -910
911 912
-911 -912
909 -910
-909 910
913 914
-913 -914
915 916
-915 -916
913 -914
-913 914
917 918
-917 -918
919 920
-919 -920
917 -918
-917 918
921 922
-921 -922
923 924
-923 -924
921 -922
-921 922
925 926
-925 -926
927 928
-927 -928
925 -926
-925 926
929 930
-929 -930
931 932
-931 -932
929 -930
-929 930
933 934
-933 -934
935 936
-935 -936
933 -934
-933 934
937 938
-937 -938
939 940
-939 -940
937 -938
-937 938
941 942
-941 -942
943 944
-943 -944
941 -942
-941 942
945 946
-945 -946
947 948
-947 -948
945 -946
-945 946
949 950
-949 -950
951 952
-951 -952
949 -950
-949 950
953 954
-953 -954
955 956
-955 -956
953 -954
-953 954
957 958
-957 -958
959 960
-959 -960
957 -958
-957 958
961 962
-961 -962
963 964
-963 -964
961 -962
-961 962
965 966
-965 -966
967 968
-967 -968
965 -966
-965 966
969 970
-969 -970
971 972
-971 -972
969 -970
-969 970
973 974
-973 -974
975 976
-975 -976
973 -974
-973 974
977 978
-977 -978
979 980
-979 -980
977 -978
-977 978
981 982
-981 -982
983 984
-983 -984
981 -982
-981 982
985 986
-985 -986
987 988
-987 -988
985 -986
-985 986
989 990
-989 -990
991 992
-991 -992
989 -990
-989 990
993 994
-993 -994
995 996
-995 -996
993 -994
-993 994
997 998
-997 -998
999 1000
-999 -1000
997 -998
-997 998
