1000 100
-89 67
27 -80
-18 -20
-85 -27
-94 -91
-11 -61
55 -33
-46 7
-89 -82
-44 -15
-66 -18
-61 6
59 -9
10 -56
15 -25
-63 45
-55 17
91 45
44 63
-26 48
-22 20
56 -69
-26 59
-2 31
29 74
50 -7
68 -83
-45 -88
63 -5
89 5
78 70
14 -25
-8 41
-82 42
29 -63
56 31
53 77
-94 61
-88 -48
-1 -13
15 -19
64 -58
24 -8
-31 67
-2 -41
50 -95
96 -64
29 -45
-89 -36
10 -18
53 -56
-44 -91
-40 70
-7 29
98 -30
87 -1
97 -26
-82 78
-87 -54
-32 -63
15 -5
59 53
7 17
52 35
47 67
82 94
-72 -29
72 61
-18 22
95 87
-73 -40
-69 -78
-32 -70
-50 18
-65 82
-25 -64
90 26
-1 -73
43 -73
-3 62
56 -68
-46 57
-4 36
-90 57
-36 -79
99 -62
-25 -47
-77 44
58 -36
91 95
53 -46
36 13
-8 -79
-80 -81
-97 -44
55 50
-57 36
-78 -33
-19 -7
21 52
-50 45
43 49
-13 -37
38 99
-55 -72
10 -64
2 83
-87 37
-44 -98
65 -37
-5 -14
18 21
58 42
-6 -22
-49 71
-27 -98
-41 77
92 -29
-57 -42
51 69
36 -18
78 -35
79 72
64 -21
-69 -22
16 64
-87 -69
11 -15
-87 51
29 44
62 32
24 21
-48 -47
-40 81
10 -46
-8 93
-68 -28
-21 79
93 35
-1 3
-5 54
-98 17
23 -89
89 52
-39 50
-67 -100
-12 87
40 -2
83 56
96 -32
31 -63
-76 56
75 -11
47 67
17 90
-80 -69
56 66
-88 -78
76 72
-79 -87
-32 -88
-8 -96
64 39
-78 -55
-60 44
40 -35
-89 94
-79 29
89 96
52 26
-95 -81
49 50
96 -43
67 -91
19 45
-22 26
85 -88
95 65
99 -2
-5 66
-18 35
70 39
-24 74
11 -4
-18 50
42 10
-68 -63
-7 -11
4 63
-1 -45
-26 -99
-30 17
-49 -100
-85 -44
42 -89
95 41
62 96
17 56
25 -11
-76 26
-26 50
96 -72
-84 -52
24 -72
-62 36
-67 -9
-13 -31
-22 -14
-23 -30
-93 76
-90 -72
-76 -95
-55 -92
13 -68
52 59
35 -64
6 -88
6 62
-49 -2
-16 -18
99 -9
-41 20
-18 -96
84 -74
-49 46
44 -65
-30 36
-27 10
5 -36
-2 97
55 -77
67 -100
-90 35
-95 21
69 65
-87 -59
-49 -92
-39 54
-25 4
72 -19
30 74
-4 -64
-7 -71
-10 -93
36 -73
-28 74
-17 -74
-1 56
-30 68
36 -91
-93 -59
96 89
-71 -28
83 87
99 -65
-73 78
-64 31
-4 -47
13 -54
48 -6
-81 -35
-56 19
20 32
63 46
-26 -75
9 -37
19 94
-22 -71
-42 -39
-58 14
-35 60
83 78
96 -11
99 -49
82 -92
48 46
72 1
-33 52
-1 28
81 -69
49 83
-57 73
-83 38
-69 -14
81 -27
14 -34
-81 -35
-57 -94
14 -16
-38 59
-16 -76
26 -79
58 53
-33 59
27 88
-73 6
89 6
-93 -70
23 -53
61 -60
94 -27
-15 -86
19 -51
60 -43
-100 66
-50 28
-5 -49
63 81
43 11
35 -40
37 -71
55 -4
19 -59
36 -25
-72 -96
-78 71
-38 -25
-19 -30
-31 1
23 -52
23 24
69 -46
-84 -53
-89 59
-22 -88
-23 4
-15 89
15 36
18 -13
96 14
-90 -27
-13 27
15 -99
54 90
39 -40
-70 -2
52 -80
-62 89
89 24
98 -37
96 -66
-78 37
-12 82
82 81
-83 6
4 23
67 42
57 60
38 71
75 -94
84 -52
-16 18
-86 52
34 -16
76 -79
20 -76
-8 16
-72 26
-49 50
-99 -32
93 -14
-76 -81
-13 33
-50 19
25 -29
-63 99
-96 -27
71 22
-40 -17
62 53
63 -70
4 -95
42 -91
77 -23
84 33
-15 54
-76 57
61 -44
27 -88
35 -27
90 52
-68 -60
58 -23
83 -48
-87 -13
51 -5
79 57
90 66
-39 -4
20 81
46 -100
-97 -49
-85 -61
5 -4
6 -73
25 -92
79 -33
62 -59
-76 82
40 96
35 82
78 -26
-30 -99
-27 93
98 61
-56 -16
-57 -17
-96 -4
44 69
-3 -15
58 17
53 -48
-66 -55
55 9
63 -51
96 -24
62 -93
58 -54
-32 -85
-82 88
75 -86
-64 28
26 -58
-29 67
-42 89
-81 96
49 44
12 -88
-92 -56
-90 -30
78 -59
86 81
-40 70
94 56
41 73
84 -93
79 2
-54 41
-10 41
-96 57
-77 5
-52 16
-5 -64
-10 47
78 -89
30 -87
-26 68
-33 -56
-20 15
47 52
80 -18
15 -25
20 17
35 -40
29 -98
52 30
25 -21
17 85
-57 80
-56 63
59 72
96 74
38 -60
-78 -98
62 -21
-37 -70
64 -38
-74 84
77 41
95 41
-52 -84
-53 74
77 11
45 37
73 -15
-23 -52
24 -37
-50 56
55 -42
-15 19
58 24
66 -98
-1 -61
-2 -47
54 -98
23 -82
-54 45
-94 -72
-32 -93
77 -80
64 30
67 71
77 -66
-72 99
-84 -81
43 -54
-29 88
-100 -1
-8 68
64 90
16 69
-84 -93
-46 -86
55 -43
-66 39
-90 59
93 -90
-80 12
-90 -41
-36 59
21 88
15 -63
23 19
40 26
-2 78
64 -13
34 -12
-10 -19
-75 13
-91 81
25 -8
78 -70
56 -45
36 -45
-1 -72
-29 -86
-23 52
25 -96
-6 -81
41 -67
-73 -88
60 51
-25 -58
-85 -86
6 -84
-24 42
-86 -90
-4 7
-95 34
65 -12
22 14
-88 -48
-3 10
16 43
-30 -48
-65 -36
-99 -83
12 -30
-91 -8
-18 -66
13 -86
50 -21
84 12
29 32
40 22
-53 88
48 66
66 -77
41 -84
44 69
22 15
-19 34
-28 97
-29 72
23 24
-50 39
64 -10
-72 -38
-28 -67
-25 71
23 -57
-5 69
-67 -88
23 45
-90 2
-29 -81
2 36
-60 46
-78 -13
72 53
-84 85
-15 -99
-34 -69
67 -6
-100 12
41 40
-73 4
49 -81
75 17
61 -76
-23 -18
-14 -65
93 50
-18 -19
70 6
-10 29
-53 80
20 59
-55 68
-80 -26
93 -50
-5 -55
-40 7
80 -65
-48 -11
-59 13
-64 32
32 -53
-48 86
-34 -13
28 22
52 -16
-48 -23
-16 -55
-75 8
-47 35
-69 -34
-61 -53
-67 46
10 -56
10 21
90 53
-63 99
-74 -53
74 -44
94 -56
-48 -93
57 -20
-14 -58
-6 60
-27 -25
-8 28
21 -63
-72 59
64 -68
-12 -98
-42 11
43 80
32 -4
-93 60
33 53
41 98
59 74
-14 -44
89 50
1 17
-95 10
53 90
-37 -22
16 -29
52 59
35 82
-79 -12
-83 35
79 71
-58 87
59 -67
-75 -95
-45 -1
-72 31
65 38
-87 1
15 28
51 61
-95 -88
-50 -92
-90 -73
-31 99
91 67
28 -1
-24 -77
-54 20
-16 -32
-91 -49
71 84
-41 34
-32 -20
79 44
48 -22
-17 -49
-72 -63
-11 96
60 72
-9 45
4 75
23 -9
-69 -50
55 -77
45 47
62 -45
-39 74
-32 -62
81 1
-66 -70
-92 79
-72 50
9 44
-51 -6
-11 -13
16 99
-89 -98
-71 -69
-72 -58
-92 -15
-50 19
-36 -42
45 -29
68 8
23 99
60 12
-34 -70
-90 4
89 40
-60 -5
74 5
-60 -90
-18 -95
-23 92
11 -21
-62 -19
72 -14
-62 8
51 7
-82 9
-23 -19
-68 -65
-47 61
-5 -68
61 60
78 -54
-69 97
-65 14
-7 32
5 -72
-83 36
-29 98
-88 -16
90 -72
17 -62
-46 -57
23 57
-67 -89
-93 65
85 -17
-78 -51
26 2
41 95
10 -32
-69 -5
26 1
-33 -47
-92 31
67 -98
56 -63
66 44
95 -56
-31 -83
-10 -53
82 26
-96 -36
4 47
32 -84
82 45
-51 43
27 -28
65 95
25 39
-13 16
-47 10
-15 29
-84 40
-78 67
-83 76
22 -20
76 22
-91 -55
62 -93
3 -100
80 -18
-90 61
-22 -76
-52 -41
28 96
-97 -4
26 -77
-58 -15
-87 -90
-82 -36
56 42
82 97
-52 11
-65 63
62 87
-61 -36
-2 23
44 74
97 -74
-18 -14
55 -56
-40 30
-85 -54
91 -46
-12 59
99 76
-22 -52
-53 21
30 67
10 83
41 -83
-94 -89
65 -82
-93 -19
48 -83
15 -73
47 -4
45 83
-46 78
-67 79
-64 36
-91 -68
53 -54
70 96
-57 -80
-62 -3
-9 46
-72 -74
71 -28
75 -98
-71 -29
-22 86
-99 -37
85 96
-39 -74
-50 -59
29 24
-89 -92
-77 11
9 -71
-10 26
-90 -15
33 79
93 14
-82 3
34 50
-95 72
-12 34
43 40
39 -47
-33 17
20 97
-63 5
-52 -47
-17 86
-20 47
-8 -74
6 -34
71 73
58 -47
-28 25
25 -94
-86 79
14 -28
-52 94
44 -83
7 54
-78 -4
-44 -68
-1 54
73 -54
76 84
-92 99
-76 -50
-30 -23
71 37
-5 69
-1 -82
-96 -14
-14 41
86 -53
-4 23
-79 32
32 -24
-46 -11
-49 -67
-35 -21
16 -26
-32 15
70 -39
6 -43
3 -83
-74 -83
-74 43
-96 16
74 7
-76 79
65 90
67 -62
99 38
-35 71
-44 -47
1 -12
47 -100
-29 92
54 24
32 26
-70 -64
-92 -61
49 69
-36 32
-91 89
-28 -74
62 16
-3 -88
52 -17
21 -27
-49 -4
-57 -71
3 -46
-90 85
41 -64
-38 83
53 -9
70 -48
36 -30
-21 28
-26 44
-64 27
8 -90
92 6
45 4
2 6
32 71
22 -95
22 -55
-36 -41
60 -75
87 -85
87 94
-23 -36
26 -42
57 -62
62 57
60 -9
-54 85
28 -72
-94 -58
64 53
-97 57
-28 -73
14 63
13 -77
-19 -17
37 -38
-77 84
94 -34
-53 -56
19 -40
-33 -54
-30 46
-35 -23
50 8
59 -78
-18 85
18 -51
-51 -69
69 -47
-61 -35
-23 90
-65 -19
11 -75
-70 15
84 -70
-21 -98
61 38
69 -31
26 -99
-46 57
74 35
-74 -98
40 -53
64 -69
-18 91
85 -9
-44 -92
70 19
62 -12
98 -97
43 7
80 87
57 -78
-37 -99
-62 -77
25 -31
-1 -78
58 34
45 66
-18 -21
-28 16
-37 84
91 38
