1811 255
-77 137
107 194
-172 -40
-157 232
19 5
-170 -104
-244 -18
152 -94
-142 89
15 116
144 192
-157 88
-160 -224
-130 202
39 194
-172 199
-210 -196
-251 224
-183 -70
92 -48
-173 94
-223 -19
195 -194
-105 -111
-42 -39
130 -108
-132 21
167 -22
191 162
87 -112
-117 -99
193 -132
-165 -42
-10 243
-153 213
241 -111
150 13
118 -4
217 218
32 -240
-236 -196
191 242
-112 -234
-224 -105
252 -254
-102 203
-223 -43
-19 85
-104 -47
-68 215
-204 -46
-95 136
255 -18
-56 138
253 136
-249 63
-209 -79
-175 191
88 151
216 -13
80 -38
85 -48
-87 85
-69 -9
237 -105
184 -219
-175 -139
-103 -21
206 136
-195 150
-224 -219
-91 -32
47 -20
-223 23
186 -49
-24 -181
41 29
141 -182
-32 -255
222 41
23 197
108 91
-237 -127
-55 234
-211 26
109 10
-183 -92
-53 -75
-159 -49
-147 101
59 -188
18 14
-75 -47
244 22
-18 161
-41 -143
-57 119
178 -164
178 -253
-187 61
16 -187
253 -198
-2 -21
89 216
-218 -79
-11 30
18 230
24 154
228 145
-146 -254
204 -27
-249 71
-255 -165
246 148
-133 -136
-122 254
-86 147
-118 13
-229 -182
-89 94
-104 65
187 27
-33 96
229 -238
-250 33
-84 201
197 -211
-65 85
-244 -191
-235 101
-146 147
-254 -225
249 203
57 -76
175 34
-143 168
-20 49
-224 -10
131 193
-53 -89
-70 233
-240 230
33 165
-12 9
192 -144
-230 42
128 -98
182 223
92 80
129 250
-82 -31
94 -214
99 -132
228 -215
-19 -252
170 14
124 -1
204 -219
-120 210
47 228
-197 74
-235 -132
-113 -223
32 91
-221 121
-176 122
-80 -103
-121 -129
83 -174
-243 -178
203 241
-133 135
168 156
108 211
231 152
-185 114
158 -82
68 -104
-101 -69
-109 -255
-235 -184
-201 -247
-229 -119
91 -37
-198 130
-163 178
40 -32
237 -47
-104 158
-113 147
204 192
-6 -192
-51 207
72 12
208 145
109 115
-118 -50
-220 160
-159 29
86 60
199 -69
-245 -145
-65 -109
206 -74
39 65
238 159
241 121
118 169
-19 25
-171 -218
39 144
240 49
196 -39
128 11
232 56
88 -93
1 234
139 -253
11 97
187 -191
251 4
-135 -120
-188 -196
149 -111
-37 72
94 174
-140 197
148 -71
-13 100
183 -139
-3 85
-9 4
-9 -69
-124 -254
-249 -88
-190 88
-53 6
217 60
250 48
-8 18
95 -171
-156 -117
-94 75
106 -123
168 16
-169 43
-220 -57
125 113
195 -79
133 183
86 126
-74 47
249 -139
-152 -115
88 -131
249 184
67 -36
-198 -221
-149 99
-107 248
-31 234
78 -59
-131 -179
83 104
-251 -106
-241 248
-154 53
100 -191
-201 15
40 -246
220 -208
-127 -73
52 -186
-44 -54
21 220
-117 197
-217 195
136 -238
-248 -228
-98 -254
110 111
11 -217
-57 -81
38 -28
-76 67
73 -30
193 71
-78 -190
-198 38
-143 -2
-66 218
174 231
2 -121
-188 129
-53 -30
204 -183
40 216
-90 -92
-245 61
-131 -163
-218 203
-65 50
59 190
-17 111
5 57
81 -171
-122 189
90 -119
67 -194
97 -227
185 167
213 -174
131 -187
26 111
-208 -20
55 -154
-156 -88
48 140
195 95
167 245
-45 -225
-83 78
-227 -63
176 243
-102 -36
173 -240
-58 -148
-143 204
228 -23
-53 90
240 99
40 -143
-9 165
176 -209
77 18
-89 119
118 96
-108 68
-162 -245
104 -154
-148 233
197 -190
117 -84
-110 -238
139 -17
26 209
-20 -75
165 31
-222 -79
199 165
157 49
-191 56
155 -21
16 -79
126 253
156 -11
170 -173
-90 -168
-62 135
-59 -212
137 27
5 247
-161 247
-143 93
237 -188
119 -80
-85 45
199 -32
226 64
-195 169
194 -224
207 122
212 25
-42 -150
-109 23
105 -152
-75 198
175 -156
255 -210
46 132
38 56
141 110
-211 -28
-166 72
56 42
65 50
69 41
-194 -12
-187 234
-113 212
-161 -223
209 74
166 -218
-84 -54
240 134
-30 143
-204 79
70 -225
-255 -231
-227 -38
76 -94
-155 13
-214 -3
-208 -146
63 56
-240 132
-49 111
-169 -217
-108 -159
168 218
-149 -117
-144 243
-125 183
67 189
22 73
-94 -132
-188 -173
-166 -139
-214 237
-245 -75
-217 139
-157 75
-127 -97
-70 -28
-187 128
-126 -114
-114 79
106 17
35 -109
218 132
-174 86
-55 196
113 228
128 154
37 -140
52 51
-48 76
152 -120
248 229
101 47
-235 -114
-70 254
-215 -156
-172 107
62 136
-168 200
68 7
200 196
54 -146
154 44
173 58
-229 179
241 -10
-173 97
-69 247
20 105
125 -118
108 60
51 208
-245 -87
123 130
137 -160
68 12
166 -248
-125 160
226 234
-200 216
181 110
-89 146
9 -78
-127 -142
-164 85
-211 70
-233 -64
-105 218
205 -74
198 -238
-33 -46
128 220
-21 75
-210 -27
41 216
101 150
190 162
79 255
222 183
5 228
219 -105
-22 -162
99 -173
-73 -81
-28 45
-13 -201
81 -189
242 121
85 -192
164 124
-118 -142
42 239
229 -56
182 48
192 -172
223 93
-25 215
232 -220
-35 -167
222 86
-180 -102
46 171
126 84
-77 -131
-151 254
134 214
-63 -168
-236 -18
-206 127
173 -166
-189 132
-129 -120
208 -190
230 -6
-148 137
57 -48
-62 -234
68 205
129 -69
148 169
38 91
-244 98
-249 -235
-76 -13
-142 -226
-22 -56
224 -246
-77 -124
139 -9
119 -134
-164 69
-245 171
181 -99
51 -106
198 131
-103 -219
-160 198
-249 131
20 176
-45 -50
-152 -141
-87 -5
-205 -19
147 135
-186 -17
147 -171
132 183
-47 239
147 49
136 7
-165 -197
-147 -148
-166 11
-214 -225
-72 -36
136 -171
52 -171
-118 -240
-200 25
56 250
231 244
1 -153
-241 -28
-86 -8
134 162
233 48
-134 -213
-137 -230
-82 -71
236 -53
-102 -186
232 -181
24 71
129 26
199 -121
-206 -74
-133 244
144 12
-202 225
16 -96
-238 -218
-108 -155
-47 -116
-191 -90
-190 204
138 -124
180 137
-163 -81
-49 37
-112 -158
-177 186
177 158
-194 -220
-235 81
146 23
-73 223
121 60
-3 209
-205 -117
42 -141
-150 -232
68 -211
181 147
85 44
-62 108
164 -44
137 41
-118 -86
-230 -160
-204 -209
-71 139
196 121
231 -140
175 123
-201 -246
-99 82
-81 58
42 -177
93 -211
-121 22
-91 194
-214 -49
-25 -124
170 -69
-18 106
-52 97
41 98
248 73
180 -223
209 -230
1 30
183 -168
-188 66
-42 217
142 211
-208 -81
51 -107
-240 31
6 -129
248 75
-154 -99
-243 -192
232 103
-163 173
-154 232
-202 66
-108 57
-159 10
191 -164
198 228
203 -108
154 -230
49 228
167 -242
-36 -174
-136 -24
100 -25
61 250
-149 108
-254 144
126 -175
178 192
-128 -193
-104 -39
51 -83
-149 -152
251 -40
-180 -128
-60 -161
15 -243
-127 67
-77 6
178 -204
-224 162
-114 -206
44 55
-60 -245
193 -64
200 -4
-106 238
100 -232
11 45
154 -194
121 55
4 42
187 -195
147 -91
-80 6
114 69
-64 -110
140 141
90 226
244 -217
213 193
-125 -101
-67 110
-184 39
-203 223
64 -166
-207 -233
-157 127
169 173
-220 -125
240 -64
-116 -125
-189 -109
-29 229
-65 5
-171 -190
-76 211
248 155
2 -190
-242 55
183 -58
-125 89
-201 136
-112 -140
-226 -114
120 254
72 -252
-33 -180
-84 8
-166 -36
19 -157
-92 151
207 112
-98 -89
-50 167
-177 -39
-121 -6
-130 159
-217 -216
-201 239
-229 132
-190 189
-36 53
-223 204
143 -130
-59 118
108 -231
57 135
119 -225
4 -134
-114 -223
115 -211
224 161
2 -229
10 -174
129 11
83 65
-28 -68
-154 144
-232 -179
-244 38
240 -201
132 243
208 18
-228 16
-159 44
-63 -185
199 219
-210 -198
-74 49
119 -19
240 -57
-177 63
-188 -133
-54 -3
-252 152
-43 -103
-223 195
-134 -197
105 229
207 36
-229 -89
105 221
148 -188
-121 214
150 1
-42 -207
208 9
-113 180
73 -91
140 78
53 139
92 148
119 -86
-13 -171
74 193
246 -166
-91 -148
14 159
-176 -130
-229 52
173 214
-61 -76
-37 208
146 156
-178 -91
167 -95
207 -37
230 12
198 148
23 -166
-105 247
-230 206
-125 -230
-81 -228
62 -100
170 206
-222 70
111 -152
243 -152
53 91
-47 151
11 -254
-238 255
-192 -239
-146 53
112 -28
-102 91
-8 220
121 220
150 -31
18 63
-191 230
100 -78
-220 -24
-251 -221
-92 52
-182 178
97 20
27 -64
4 -115
4 213
-246 242
-68 109
50 225
-51 -232
253 40
-41 58
-197 165
-97 149
163 -252
-202 161
-70 -112
-8 192
-218 25
-98 185
-208 115
117 -135
-42 13
-68 -39
68 -182
-185 183
84 154
143 -210
85 -213
254 -164
248 -124
-181 -84
174 63
-239 230
-216 95
95 -35
-97 -49
31 221
156 68
-41 26
-172 95
15 -158
-197 155
-180 190
137 -221
-68 50
-38 -148
-12 236
216 80
143 83
143 155
-187 253
-226 -254
252 43
144 28
92 -204
-127 15
192 233
-39 -43
-198 126
-57 58
-29 225
-208 118
212 -228
114 -183
-168 3
119 161
-205 114
-125 242
-169 -254
-134 -126
-19 36
-222 -133
-189 34
-211 -146
33 -150
-201 147
-249 -184
101 68
79 42
168 255
130 29
101 120
-128 -233
-152 -107
147 214
249 17
-203 -41
237 -199
-175 161
-23 239
-210 13
-110 126
67 239
-215 -185
-187 36
-179 -44
237 254
-104 82
-170 199
202 52
92 -115
-75 -77
-62 -61
-199 -40
120 -223
-111 -26
14 -137
252 202
-125 -62
-81 -27
12 -37
99 205
-105 -172
-125 -4
-97 23
-161 70
120 -235
-3 26
100 101
219 -175
-164 -112
27 160
-202 43
75 16
-219 243
-222 193
197 212
53 -6
-209 138
18 -146
39 -201
97 112
193 220
-146 228
-163 95
-133 -179
-164 -177
-21 178
-198 -53
-50 -135
-101 36
52 -172
107 -216
-141 -83
236 -81
128 110
-132 -6
68 -193
-162 -205
108 -202
-207 -112
-72 -170
92 -216
23 -164
239 44
-136 -24
249 -164
177 -172
236 -183
-233 161
150 48
55 -51
108 -164
206 -55
172 243
-192 39
90 -36
203 138
-112 -183
-185 -86
73 -211
-58 114
75 46
117 237
-154 179
89 244
160 -221
198 126
202 -173
245 92
236 80
212 115
97 224
249 111
-37 -215
171 114
-228 -215
8 -170
-253 -163
120 -8
-74 -121
159 -144
-126 -4
172 -138
-107 191
-84 -213
-112 -46
178 124
60 -16
-30 34
82 -212
91 -60
-252 117
246 53
-97 216
209 123
44 214
-72 -100
-159 -186
-143 27
-145 139
-60 89
-229 -141
140 -88
-55 160
-112 49
-206 104
174 -255
241 198
-41 21
-98 226
-63 239
-128 -247
-118 -102
63 -121
1 -107
-61 -228
-79 -27
110 153
-27 65
148 -79
-161 -151
-79 -177
-135 224
-125 -135
-54 -95
54 -247
-217 -226
-64 224
51 104
-100 127
185 174
180 -58
83 -64
-65 254
-125 -186
-220 -80
-182 217
-179 195
92 -248
130 42
165 218
-129 -105
-68 88
-96 142
146 -171
-173 129
221 39
-43 -81
-159 -135
90 118
131 -205
138 18
-190 -27
180 -121
15 3
-134 -1
-169 -234
-188 42
-17 -155
-144 -244
212 27
-217 126
129 -116
211 4
64 -196
67 50
-73 -174
148 -50
-190 -169
-199 165
-74 6
-5 -121
132 8
145 -70
83 62
8 244
-136 187
190 194
146 137
226 -229
219 -38
-147 155
140 166
155 -165
214 -10
22 -104
175 -252
126 -142
-51 -91
-173 198
248 102
149 -22
-255 118
-67 -217
16 211
248 -90
80 -164
-66 -233
42 43
187 -100
-103 104
41 -207
207 138
163 -17
3 198
-94 -67
178 -133
176 -93
-181 202
-166 71
-222 -213
-16 -148
-99 -111
152 -51
79 -80
-52 -140
-172 -22
162 -35
148 91
-129 228
-118 -229
25 -106
-223 -29
-161 -169
-157 -205
185 -30
-54 3
-110 -113
-110 -196
-110 -53
199 -30
-72 238
84 215
-51 -179
226 197
-212 -78
168 27
-98 -10
227 214
176 123
-142 -138
218 -185
103 88
-17 133
-217 108
-114 -237
-76 -219
214 -63
-154 159
57 -42
-127 -129
-150 175
159 -104
-196 -176
147 -146
-96 -217
84 20
251 -219
48 16
-55 12
-248 30
202 -181
25 108
32 -58
-182 -119
-218 152
-179 98
-181 198
-20 -121
118 -99
-232 -115
-85 216
229 -61
-11 215
123 -210
-8 46
196 -149
-32 248
182 196
44 105
-131 220
-241 -35
-91 -127
-77 139
-145 150
134 -84
130 -197
-221 -213
167 -93
-47 -225
17 -233
-138 -7
99 17
-188 113
-251 169
133 -176
-155 -104
-37 -58
158 23
161 -237
155 11
-136 49
37 -10
-79 -10
-96 -160
-145 -196
162 -1
9 -151
-11 -40
-196 -235
-152 -162
-123 -97
-101 -216
-215 112
113 -249
70 -28
-247 -1
255 -20
20 -4
18 5
-5 120
-224 -123
153 67
66 -35
-226 -193
-70 -116
-16 -144
-204 51
-89 -40
133 70
-4 34
188 14
131 -184
146 -138
-40 77
206 -211
-11 -18
198 -255
17 170
-59 107
32 -217
-198 -151
-57 236
-167 -131
110 -80
70 164
236 -63
196 -131
68 -158
-182 -161
3 56
-48 7
-174 125
-68 175
178 227
147 200
-38 -41
6 -74
109 -51
98 -37
34 163
-51 64
222 -168
-139 -123
171 -178
-177 16
-210 -107
212 -244
-44 16
167 -90
90 122
-169 -85
56 1
147 -205
11 -161
-156 64
-51 235
-180 -238
130 -230
86 -230
19 -225
-223 -134
198 79
162 134
162 36
211 35
179 -132
111 74
-29 86
202 69
84 25
-158 105
-230 -129
89 220
-168 199
131 246
-55 108
83 -93
-203 67
185 201
-104 17
19 -167
-63 -167
180 174
-210 195
76 231
30 181
-243 52
-176 -223
235 64
-14 39
-121 -245
-7 -36
-170 76
-216 -189
87 -123
162 -151
120 -144
-96 115
-102 -96
-10 -5
35 250
145 82
31 220
-45 80
110 252
222 65
254 172
74 -151
-17 90
-40 -41
-238 241
-72 -229
237 -195
212 -174
-126 -249
-223 193
-248 -90
80 -65
-173 129
-158 -218
168 75
-25 146
208 -209
48 -84
115 230
-4 68
95 -201
-156 -82
248 -35
-144 -169
39 51
-120 -52
-63 232
65 183
85 44
-184 64
-90 -77
-185 -201
186 48
39 251
-6 -137
-237 213
235 -202
124 236
87 227
-120 -181
-161 -253
232 -133
42 206
51 -123
-86 -223
86 -218
-240 -226
85 188
-156 155
-232 -30
233 -9
238 -60
-84 120
255 70
38 254
232 175
104 -217
-101 -148
-64 147
159 -236
-169 -35
-72 162
-21 221
52 186
-120 -86
142 201
-79 -123
76 245
-209 72
156 188
-38 66
254 -176
226 237
10 6
-143 -188
-223 115
252 239
-199 203
-1 -65
-27 -63
9 -216
-194 173
-158 -169
157 -235
63 147
112 240
2 118
-84 -71
40 -229
-239 -51
-78 -48
-188 10
46 -43
-126 -242
-199 -81
139 -163
101 214
28 -216
127 -112
-155 126
199 -226
-215 152
113 -175
-227 170
139 4
209 -226
207 -205
8 -122
-207 49
-4 187
-230 206
168 -52
-38 -153
112 68
-14 133
51 59
-162 -201
78 -13
-199 245
-44 -97
-24 185
-230 -126
223 194
60 -194
-226 -28
219 -165
121 -26
-128 -3
111 33
-64 -21
70 -68
-17 125
173 66
125 -189
-113 95
-59 -38
172 106
-87 160
126 128
101 -59
-236 -135
-94 33
128 -64
-109 122
236 215
-82 90
-16 140
-132 135
33 -83
171 65
-54 -100
-219 -13
80 206
160 192
37 -170
195 -9
163 -113
-115 255
-88 47
-148 -250
213 4
-233 -245
28 -113
140 165
155 -216
173 113
135 208
206 52
-179 -35
-11 189
50 17
123 196
33 -246
-216 212
60 248
254 -243
97 41
154 -128
65 -85
-253 -68
-143 209
-115 221
-210 235
49 -167
178 183
-61 189
-5 -189
-71 -94
115 -58
147 -80
89 40
253 -198
-75 66
98 89
-156 36
159 -36
-49 89
-16 -221
69 -247
66 175
191 102
-109 -90
241 184
-158 -70
-130 -76
151 -191
-197 172
-217 -129
-178 -207
240 -172
145 -95
71 -114
163 158
-2 4
-248 -208
-226 -233
216 163
124 -146
-249 21
106 251
-151 -242
248 3
-25 128
89 182
197 200
109 255
211 -155
112 138
-109 -167
-190 143
-156 27
-242 144
135 -170
-139 228
-239 -177
-94 43
108 -138
112 -76
-168 155
103 -95
-255 89
227 -229
80 -113
97 30
109 -130
-193 181
59 129
-75 181
235 -58
247 174
63 170
77 42
-134 -27
62 209
-63 -248
243 229
-128 215
73 47
170 197
-117 10
-29 202
168 73
-132 -26
100 44
-11 -138
-127 -99
-93 73
145 -20
76 97
166 -133
-79 163
-44 197
-165 -213
32 -245
223 52
164 -185
-163 221
114 -210
-240 -210
172 -123
102 -42
196 204
134 96
-136 53
13 -137
-7 141
-52 88
128 -68
-21 -64
89 62
-122 49
-230 -118
200 -204
48 160
66 -217
232 224
-123 112
-63 168
-160 101
155 169
40 -96
-195 180
115 -200
87 29
-188 -157
10 139
-25 168
-124 -182
-39 -141
155 139
193 168
195 235
-177 -141
210 -196
-232 177
-215 -141
-229 -165
154 -14
161 91
-75 -251
-154 -112
-223 -107
241 254
-152 -14
135 34
-166 -139
18 202
-163 -189
250 -203
74 -140
-231 -100
-172 158
183 -112
-94 5
209 215
-40 -39
56 169
-114 21
177 148
-170 118
89 190
-236 211
-92 158
7 33
-227 221
43 140
-106 -74
129 206
131 47
74 -64
39 -155
33 -108
-121 54
-149 26
199 -26
-154 -250
177 41
126 -108
-252 255
-16 -131
27 -135
83 -196
-86 -111
254 219
-207 -112
-18 33
144 104
-107 105
164 162
69 -179
-96 -239
-252 87
132 -193
195 -115
-240 97
18 217
94 -56
241 -111
-136 150
-63 -188
157 -111
87 221
-50 160
233 13
68 -169
81 94
-117 -23
-251 -106
12 -99
46 175
245 235
-156 -229
-172 -224
-236 -112
-179 152
221 -148
94 141
-132 -74
-177 96
69 -213
-243 -97
146 124
253 -40
-59 165
83 -200
176 -68
23 130
35 219
203 223
32 -228
248 -41
-97 -45
-1 -141
230 132
-11 -183
-154 -31
-212 -58
-2 136
129 146
-1 -104
196 -157
-184 244
106 -162
74 45
138 116
34 75
202 -78
-254 -31
-231 147
80 -249
-118 -114
-33 -141
-43 167
-96 234
-156 -143
190 180
