10000 100
-52 -24
96 -8
-3 32
1 -85
-29 7
98 -43
26 1
-56 -96
-88 -21
67 -61
58 -95
-31 55
15 32
-65 -2
-40 -3
-9 -42
24 -63
51 -80
69 -49
-65 90
58 -68
97 -66
-16 -59
89 -54
20 5
-14 -73
10 55
83 75
-63 68
-78 -53
-35 -37
6 39
59 -81
-43 44
-92 65
27 56
49 61
97 37
57 -34
92 -58
-6 1
48 -24
-75 35
-57 -53
82 -42
11 -13
47 61
-7 -45
30 50
100 39
-35 -24
-6 -87
-64 -60
1 43
6 -8
36 100
94 -17
-75 69
68 -81
-84 49
-73 -23
87 75
-63 -21
-71 68
80 -72
-44 -56
-43 -60
-10 58
84 96
-100 19
46 94
52 21
12 19
40 28
-33 68
55 -47
42 43
-17 71
-40 -38
50 -34
6 54
16 13
-79 78
-100 -79
65 -53
-83 -24
16 57
55 83
-26 9
87 -85
-99 -81
37 -39
-19 -64
-23 37
90 93
100 34
98 -80
11 49
92 57
54 -89
83 -31
19 37
-98 93
96 39
59 98
58 -55
-92 89
-19 -14
25 -80
-72 24
5 -74
-5 66
75 -14
23 69
93 -74
31 75
-54 -51
-39 -52
-59 -44
37 50
-97 -6
95 63
-18 -75
99 57
-54 -74
-20 1
-48 25
-34 77
-4 -97
66 -74
28 -89
-25 89
-91 -34
95 46
-84 49
11 -79
-64 9
78 -68
-15 -93
-17 -12
33 49
-36 -6
-12 10
-3 -47
-14 75
-86 11
63 -77
78 7
19 44
-45 8
4 66
29 -10
-76 -44
-28 10
-37 55
98 46
4 -89
-61 92
-28 -14
-56 58
-40 -92
-31 73
-69 97
-20 50
-10 35
-93 94
-49 -14
-16 -75
42 56
-15 55
-39 -18
1 65
-56 40
6 16
-77 -14
8 -58
-91 39
-62 -11
-62 -22
74 -55
-28 -76
31 6
-100 -78
-89 -15
77 -28
68 -23
-64 62
68 42
-73 94
92 -50
-71 -1
-7 -62
-63 -19
27 -25
60 -49
-30 82
-75 51
-13 -75
73 -2
71 -72
27 57
90 -6
-51 -84
-13 -60
-84 -33
40 -41
5 27
-9 83
53 -100
-67 73
82 -42
24 -32
-16 -54
16 45
-4 -64
73 -77
94 62
17 93
28 55
83 -6
-79 -28
54 26
100 -56
-42 2
95 -9
-26 76
94 34
95 9
-22 -60
-4 -50
-37 -61
62 81
-69 -61
-15 64
33 6
82 86
-70 91
-13 -76
-19 11
100 31
-41 93
-36 -97
-48 -8
-57 48
42 7
87 -47
-63 68
-8 22
31 -75
78 67
-39 9
2 -8
-1 89
-34 31
-39 59
-92 -24
62 -90
68 55
8 -40
-39 -56
13 -52
-89 -95
70 -7
81 -3
-41 92
57 12
-17 -45
86 50
66 98
8 24
-77 -81
-15 41
75 93
-100 86
-63 -36
-66 -52
-31 54
41 -51
-99 51
-60 58
-38 -26
-88 12
24 49
-38 -11
-4 20
63 -31
-10 -53
-91 -86
91 -90
100 -73
-26 84
-75 -7
38 17
-8 39
-83 -18
-4 -71
6 -42
41 -71
57 53
-32 -48
-27 82
21 13
-72 -19
27 69
-9 26
96 15
-40 72
58 98
-12 100
-14 -45
-19 32
-16 88
40 75
67 -3
-22 86
67 71
-87 45
-49 40
14 -8
-85 9
-94 -25
-70 14
-78 18
13 8
23 44
90 -94
-19 30
32 -52
-74 -91
-67 25
-40 100
-5 -27
44 -4
-88 -43
88 78
17 44
-43 -25
-85 20
34 38
-36 23
-5 45
-48 77
93 -72
36 76
54 96
75 99
-32 -31
-5 -70
-24 -68
-93 43
77 -90
-10 -67
-64 -45
4 70
43 68
-58 -63
12 -5
-87 -45
-27 -1
-70 -74
-6 56
76 62
-76 -80
42 -50
94 79
10 -67
-88 -4
-12 -34
-85 -70
-67 -42
-82 45
3 82
100 76
-19 81
53 75
36 -22
-13 10
-2 79
-22 3
-21 39
36 -59
85 74
7 -100
55 -10
-92 73
-66 11
4 85
-64 35
65 89
-40 -50
-84 -3
60 14
-25 -31
65 4
73 94
93 8
85 77
-68 -9
77 87
81 85
9 65
-55 63
-1 -18
-2 -37
-80 58
13 -63
-46 -78
1 -21
-8 -35
83 -36
-92 75
22 93
2 4
-67 -22
-10 -87
-87 49
29 -42
-38 -73
-10 60
-59 11
-33 54
-2 -29
27 99
50 -82
-86 -17
-68 -78
-93 54
66 9
-42 99
38 -2
63 51
98 -9
59 -41
18 100
69 59
-40 -65
-37 58
-44 90
6 56
58 20
-62 90
-7 97
-7 -42
-45 1
-94 93
50 69
-7 47
-41 -98
56 28
52 24
-64 -89
59 -51
19 65
89 -76
20 46
-5 9
-15 88
5 79
96 60
-21 -99
3 -72
21 46
25 30
-2 -20
-93 -51
-97 -56
-40 12
-57 79
-24 -68
54 97
28 -52
5 -87
-65 60
42 81
-31 -80
32 72
100 -48
-32 24
33 66
-96 40
-85 58
34 -75
-30 78
-96 46
60 58
-8 -63
56 97
-50 91
56 42
21 76
63 -48
-3 12
-45 65
-65 38
31 90
-23 -4
48 -89
21 -83
39 -25
13 -52
83 -95
-15 38
52 -14
-22 -42
-73 99
-67 40
-99 30
-49 -94
-5 -63
44 76
-74 71
-29 24
82 92
-9 -30
-33 -96
-32 -51
-91 54
38 11
90 -85
69 67
65 -99
-43 66
-18 -42
22 77
-5 -85
2 -28
86 73
46 18
14 -63
88 31
-59 -94
31 -100
10 -32
11 -1
-17 -70
-85 -53
-69 -28
63 13
31 -66
-61 76
-51 41
98 -65
-37 -6
3 78
31 -60
8 72
-54 -62
22 56
6 83
-46 40
-88 -80
37 -56
-8 -50
7 73
-16 -3
-1 -16
88 -54
-31 -49
40 72
79 -30
-89 -14
92 -42
-25 -37
-87 31
-54 -82
-30 -42
-62 58
-48 -20
-93 60
-97 -59
-94 -48
25 94
-2 44
-56 -62
15 73
-42 27
-41 -100
35 -16
-37 -2
-86 9
16 -65
68 4
93 -81
35 50
29 38
91 35
90 -34
-21 -63
-91 -27
-75 -25
-54 -16
52 -45
-16 -14
39 -3
34 3
-94 -50
38 24
4 -20
-7 89
-71 73
26 71
-43 -35
87 36
3 46
-91 28
-80 -45
62 72
10 96
-93 99
-7 42
42 -61
73 96
-31 -35
85 -51
-63 -40
70 -5
-24 56
81 79
-49 90
-44 -28
95 69
94 -46
64 52
-98 -44
-57 4
5 35
-7 -73
30 62
-57 -36
61 -20
25 30
25 -100
-15 -44
29 37
-55 35
59 91
-47 2
95 -83
-47 98
-77 -4
1 -21
-70 44
6 11
-45 49
75 -84
80 -51
100 82
10 -22
18 6
64 -74
-54 -84
28 -60
-67 32
-63 -93
78 -12
-14 59
82 92
-31 -63
-9 94
-47 -80
94 99
-26 93
80 35
-79 -53
-60 85
-77 -64
-100 52
-24 85
-67 -36
42 -90
2 -73
69 -16
69 88
-29 -91
32 24
-71 25
-28 4
-33 -98
89 -12
100 79
-78 -77
-86 74
25 -60
8 58
-46 -51
68 57
-24 -13
91 95
-76 -39
-96 56
35 -67
-20 -94
-13 -2
59 -25
86 59
-47 -92
82 -33
32 6
8 -61
-37 62
-12 81
-32 64
-33 -42
58 -8
-31 62
-53 54
46 -22
61 -68
76 19
8 11
-23 61
-31 -92
79 -100
-61 77
98 27
58 -34
-60 75
-26 49
-84 -6
-40 -86
-53 -95
-8 58
-62 -83
-73 -4
28 -46
-44 98
-37 85
98 77
-30 88
4 -82
14 -89
-16 55
86 8
-47 53
-99 13
67 100
19 -42
57 7
-75 84
-98 53
89 -92
94 -52
-73 -87
-65 -19
-69 -1
-8 -35
-97 -72
24 -44
81 -25
70 47
-26 -62
55 82
45 80
15 -3
-18 3
-45 83
54 99
-70 32
-88 -85
-88 94
14 -45
-41 18
-17 33
74 -37
-93 43
60 -18
31 14
-87 -75
-57 28
-28 25
-69 28
-43 35
26 -13
-34 -12
-48 -71
-68 67
-16 -9
-16 67
74 -43
80 81
51 39
-88 -19
-98 -75
-43 96
54 29
20 85
-44 28
-31 33
65 36
-80 -83
65 -48
84 99
-7 -33
65 -84
-26 -6
98 -76
83 -91
-44 85
-65 13
30 39
-59 -51
-27 -52
77 42
81 -8
-23 51
9 92
54 -8
90 97
59 4
-87 83
98 61
-93 80
70 -87
14 55
26 -57
-7 17
-57 66
65 70
8 -5
-39 35
97 70
-23 50
-89 -84
-4 20
21 -41
3 -32
-81 10
99 40
-27 12
-56 99
6 38
-35 49
-47 -70
-32 11
-25 -20
97 -29
100 -27
71 -89
-11 -83
31 60
-24 -67
-72 -54
-7 -74
36 66
-12 80
14 94
-33 80
-8 21
60 11
-69 -66
91 -73
-44 90
-50 -74
-100 -10
-57 -18
-51 -30
15 -73
-34 59
-97 -99
24 -58
81 89
86 -52
68 -72
19 -23
11 -21
28 17
-82 28
44 70
-83 37
-49 -83
57 16
95 -78
-26 49
-77 49
41 55
37 26
53 -46
54 -29
31 -58
71 92
-29 -52
9 -10
77 -98
-41 44
-11 -40
11 -54
76 -44
-82 -100
-96 93
-1 -5
47 86
-80 -1
-61 25
17 -10
11 89
-11 70
-72 -85
22 -63
59 -89
-3 -80
-93 -78
-24 76
73 -70
68 -29
25 -36
-44 -5
13 -55
70 -68
65 -13
-27 -74
-75 62
46 -47
77 -32
-10 -15
-71 87
5 87
59 31
62 32
61 -20
53 -65
44 60
-19 -43
-96 -50
-11 20
37 62
46 12
-27 -9
65 -51
9 -46
35 38
91 90
21 -64
-69 -19
16 34
-33 -91
-7 48
-34 -2
98 6
-83 -15
-83 13
97 -9
54 12
-10 -37
66 75
51 7
65 -75
-94 -15
-39 88
16 27
21 83
36 -86
-20 53
-38 -72
-92 -21
13 76
42 -41
-84 -5
71 7
58 -13
-19 9
94 -55
-16 50
-20 45
37 97
-79 -93
79 7
72 -91
-91 -67
-63 -83
-38 50
44 -97
59 60
-1 30
-84 -94
-84 -52
-35 60
-57 49
9 24
-57 96
20 -36
53 -52
72 25
-43 31
58 -56
49 -80
44 -58
74 3
-99 -78
-68 69
80 99
-84 -56
8 -41
44 -84
33 87
62 -48
-99 14
-49 23
-62 -42
3 52
17 97
94 -10
-1 46
13 -19
14 -8
-71 30
-14 37
39 80
53 -28
17 -36
-26 -32
79 -25
91 67
-16 94
13 87
-4 -71
33 -11
-30 -68
85 33
13 -2
75 43
78 -40
-71 17
91 83
39 7
97 -88
-62 15
-8 22
8 -96
-42 54
85 91
-57 -46
-78 -73
87 -14
-24 11
79 -47
71 -93
20 11
40 -42
-83 37
-79 92
-39 -41
-44 53
31 15
8 89
-32 -58
79 11
-4 52
-11 -68
88 15
43 66
68 -37
23 -62
75 -87
-54 42
50 -33
-16 61
-24 40
-36 -94
-46 72
45 23
-87 24
84 -41
-25 -78
-59 -88
37 34
78 -45
97 -50
-57 21
-37 -11
-87 63
57 -3
-26 83
87 38
40 -59
-41 -16
14 -78
58 -3
-69 83
-30 -28
95 57
-95 22
-89 52
73 -46
-77 86
-6 -64
-1 -100
-17 73
83 -31
10 -28
10 19
57 74
41 14
-79 72
-3 -9
94 -9
-53 99
-87 -91
-87 23
21 7
9 -81
7 92
42 -60
-39 -99
12 21
20 -82
-5 -90
33 -34
32 80
57 25
-80 54
-27 -67
13 74
19 27
-54 -60
84 56
-91 -59
-3 52
-69 58
53 43
-71 -27
12 -26
-67 -56
40 66
74 -54
-10 94
100 64
78 13
-13 -4
90 -17
36 23
89 -4
64 -14
-53 95
94 50
-12 -78
73 100
-54 -94
94 86
72 67
-69 -89
10 82
25 -13
-56 62
84 -67
-55 -31
6 -67
65 -30
-31 62
-86 -37
12 2
-65 -16
-49 -18
-60 -56
-83 -89
61 100
-77 -29
81 -2
58 -76
-40 -9
-93 5
11 13
-12 -75
33 58
88 48
71 -51
-51 56
33 1
-63 74
-5 -45
35 -44
-96 8
-23 85
-94 85
59 -34
-24 16
21 37
79 -92
62 12
16 49
-41 -64
98 -42
93 -19
9 -71
-66 -11
-90 -62
98 -63
73 54
-79 31
-81 -53
97 -10
84 76
-2 46
-13 65
-56 -4
-100 93
54 93
-77 -87
73 78
68 57
-34 28
46 -87
65 18
67 86
100 36
84 96
-75 67
71 -26
-38 -43
-62 -43
3 89
-51 -43
82 -78
-80 4
100 88
-40 -35
15 -95
-26 -55
-86 -27
82 98
-32 57
65 90
-70 77
-54 -32
-67 50
-43 -68
57 89
-46 27
-8 -47
14 52
-31 79
8 48
-43 82
43 -79
-46 -26
-81 -28
-69 34
10 -42
-20 -6
58 -13
26 -36
-25 81
91 17
84 -46
-82 -48
-68 -24
100 -61
-43 -7
-40 -39
67 -71
34 48
63 45
-91 -77
-98 -61
17 10
26 93
74 51
23 14
-83 7
68 86
59 50
-38 9
89 19
52 100
31 18
-72 -86
-84 92
59 76
65 12
-86 -19
72 -10
-77 46
91 47
-91 -93
-47 78
93 62
27 -46
-80 -34
24 72
-35 -46
-10 -7
-82 -44
-66 77
-69 99
-62 -55
-71 -90
-15 -47
6 -25
50 15
-68 -98
-58 -76
14 20
-71 35
86 3
6 -100
7 46
-7 25
-99 -22
1 -68
-74 -10
-73 -44
-41 56
37 -92
-30 69
61 13
94 -26
83 73
59 68
-25 -35
68 82
6 63
-62 57
45 -35
97 73
-29 -4
-66 30
-49 72
-12 -28
40 -52
35 -17
-28 17
-45 -69
-66 -20
-4 52
-89 -44
12 -33
-82 51
-76 14
66 71
-14 -64
-33 -30
66 -32
-59 -47
-10 32
-49 75
-86 23
-9 -80
54 -25
-74 -38
-94 -11
29 75
-61 3
-12 -96
-26 24
91 -9
95 6
9 86
9 100
17 60
74 -18
-68 -85
2 87
-10 52
36 -33
-87 42
56 43
-33 45
-1 -31
-21 -11
60 -27
95 -31
-42 3
-32 26
-88 92
-93 -56
57 -41
81 98
61 17
-36 75
-92 70
-33 -25
14 -38
81 63
32 -41
-49 -59
-18 96
-52 28
-85 -40
20 73
4 -74
-69 -15
-77 93
52 -63
17 10
-94 34
36 -30
46 16
-68 -73
75 -67
-31 -44
-72 79
46 -74
7 12
-14 77
-16 41
-98 16
76 -74
-42 27
-37 75
87 -80
-42 22
-10 -97
-63 -27
-69 62
68 -15
-22 14
-39 35
76 48
11 -41
-12 14
25 -87
-10 83
40 3
7 -24
23 65
99 64
69 86
-64 50
48 -8
-51 15
27 -23
79 89
-88 4
-14 23
64 24
87 -62
37 -24
-79 -74
80 -22
2 -48
-57 -50
-85 62
-64 -99
11 34
-6 10
99 71
87 28
9 99
-69 95
-28 45
18 -92
84 -96
-65 55
-70 65
-68 33
-84 -75
33 -68
37 19
-67 98
-48 -23
7 -99
-52 -56
29 57
93 10
2 -86
-45 70
-77 -62
75 -42
93 -96
-78 75
-13 -62
51 -80
-80 -13
-11 -96
-65 42
-19 42
-7 -21
36 -79
-64 29
31 -12
43 86
-43 16
74 -69
74 16
87 46
-59 -27
85 92
-57 55
-72 33
59 -37
-76 91
56 17
-31 -9
-12 -45
70 69
43 -37
5 -100
79 -22
82 53
45 68
-52 86
92 -68
77 85
38 -96
-33 -4
-82 -59
-14 74
8 6
-86 96
61 85
65 4
98 -31
-46 76
-3 -65
-22 -59
54 27
-74 -5
9 53
-21 -54
8 -3
-7 26
38 29
-51 -54
-66 -37
92 96
98 56
-51 95
75 3
71 -78
-12 -52
-37 -59
25 -60
36 -66
43 66
-20 -50
-88 23
-48 75
46 -64
-62 -12
-69 -65
94 -20
81 69
33 51
41 -79
49 -97
-38 -26
94 49
-42 37
-36 38
87 -24
-89 13
76 -37
-13 -28
-51 -25
60 -19
-39 53
11 -59
-29 -56
92 -89
-35 -10
66 -23
14 59
76 72
-55 -61
-40 83
-35 -29
-55 92
-16 -18
-37 33
58 73
64 -82
-25 -75
-41 47
-31 -100
8 -16
-60 -27
11 55
83 -13
26 -73
-24 36
60 42
57 -96
33 -60
-13 46
24 -56
-32 -63
-88 43
-38 -79
-11 31
-79 98
65 -39
-80 -24
66 -98
13 -58
-70 89
78 90
-20 35
45 63
25 -69
8 99
-75 76
-64 -63
19 -2
-42 58
80 -71
5 -6
-60 26
70 -94
28 -18
99 8
-79 26
-52 1
-90 93
-77 22
-16 99
-52 -30
-65 67
19 -57
-26 -2
-78 80
42 -38
5 12
-82 -68
44 -84
-9 65
43 39
-34 53
31 -20
-62 4
-99 -27
-48 -51
43 -13
66 -39
-20 -60
9 2
70 -49
64 -26
13 33
49 -3
72 -9
-65 88
95 16
-33 83
70 -82
-45 -79
-32 99
-42 84
-41 38
74 69
90 43
70 54
67 -18
-14 74
-12 85
-30 -91
-74 -44
97 -80
72 -87
-98 42
-68 -42
63 -50
-94 -79
84 -35
9 58
84 -1
-50 3
-98 -83
85 -62
41 -77
-78 -90
-68 -52
-34 -71
-82 89
93 72
30 -76
80 -58
-76 86
-37 -92
-100 73
66 35
-79 -85
-63 -77
83 73
-39 23
96 -67
-16 -73
-94 -50
-12 100
72 68
74 51
-90 99
-14 -77
-94 -63
46 22
22 67
-13 59
90 -30
-19 -100
43 -74
-66 -74
-96 -84
-23 -90
-84 65
60 89
33 34
-11 -7
-18 26
16 -62
63 -38
60 -16
-72 97
93 69
-34 -76
19 60
-50 3
36 -46
19 -88
-35 36
28 75
24 -90
8 63
3 40
-12 69
78 -100
-70 -13
-16 -91
-16 -73
28 50
-49 -54
-41 -49
6 -82
-93 21
4 -15
-5 -73
-5 54
41 48
-7 -72
17 -79
-71 -3
8 -37
6 92
-60 84
-8 -59
81 51
-7 -20
46 99
-52 4
-31 53
89 64
30 -66
-33 -30
82 11
-1 -52
32 -22
46 -61
-9 -99
-69 32
36 23
73 16
-27 -85
46 70
64 94
-77 -68
46 62
47 -24
96 -87
46 28
-26 95
76 -95
-78 -29
-55 14
-77 -74
-55 59
49 68
-26 72
34 -81
-9 -3
63 14
30 9
-24 -74
35 -79
-61 -70
49 -36
-75 -25
-31 -53
46 -36
11 69
-10 6
-23 89
-76 51
61 58
20 -49
-46 -17
16 34
42 92
60 -74
-88 50
-44 12
-87 -19
87 -18
-21 -18
47 90
-99 -64
-54 -22
-75 -30
80 36
-73 -51
37 -19
-18 -98
-85 -77
94 25
100 57
-26 -44
-82 -13
-13 55
20 66
-64 -34
6 88
-48 52
-34 -73
-79 96
13 99
-56 -100
-21 27
-98 -56
-47 94
56 -29
-19 93
-75 51
9 -89
67 -86
50 -82
16 66
97 -13
61 -41
-65 55
-41 -36
-19 -38
9 32
59 -72
82 -89
72 -13
-18 -98
-21 -43
53 88
-82 19
52 68
-12 -83
33 -66
-46 -7
-7 -11
99 3
54 -21
65 -88
61 23
91 42
-16 62
-72 16
65 -42
73 -33
-55 41
87 98
9 -76
65 92
-42 -81
-65 1
8 -67
-97 -39
-38 18
-27 -77
91 -37
15 -26
-75 44
90 40
-99 62
-94 97
-47 43
44 12
67 9
3 75
28 38
-24 -65
71 -21
-53 84
98 20
-94 88
34 21
-38 9
-86 -99
-52 66
14 -96
63 67
48 -44
-22 -36
65 81
-61 -58
-31 15
-72 90
44 -25
73 -9
45 29
-21 -22
-50 -9
87 -86
-8 85
81 -95
90 -7
22 -13
49 100
1 14
31 40
6 100
-96 34
89 -1
-92 12
90 54
-60 -82
82 -60
9 69
-45 52
3 -65
7 -8
28 -71
29 -74
79 -70
-10 9
20 97
-42 -25
30 98
74 -11
9 63
93 -1
82 74
40 -60
-8 95
42 96
80 -51
-63 -43
-72 67
-17 -94
47 74
70 24
41 -51
21 14
38 80
-73 30
-21 59
-46 -82
49 -4
63 -9
-9 42
-10 -21
99 18
-55 -69
-26 92
-96 -10
-43 74
65 49
74 -65
-88 11
-85 -61
92 -56
98 96
-88 47
-9 75
88 33
-34 -23
-89 -86
45 -94
-55 69
98 -50
-41 -96
3 47
-92 16
-92 74
55 100
-83 3
45 -71
100 -65
54 37
18 -81
-87 29
84 8
35 -71
-24 -18
-71 -15
-63 -98
-42 40
-45 -42
91 61
-93 -92
-87 52
88 63
87 42
-1 5
11 -38
84 -55
70 19
-26 96
51 3
-69 88
-45 -61
28 5
6 33
63 -53
-7 70
-45 6
21 -58
-32 -42
34 17
13 96
79 -54
-60 -2
15 -36
-6 -34
67 -25
-47 72
14 31
-23 71
-36 90
-83 57
60 -28
-87 -70
-36 -69
-62 49
49 1
44 -23
48 34
76 -38
98 -81
-22 14
-6 32
-15 -93
-88 12
78 -24
-48 45
84 -89
-84 97
92 -69
-73 -70
80 26
-19 -27
-97 -72
-94 29
-59 54
48 19
-33 92
-100 2
99 -87
65 27
-11 -84
-29 -28
78 -62
-82 69
-31 -54
49 99
22 -70
-29 -25
-92 -73
-97 100
81 51
19 98
42 19
-51 -9
-18 -87
68 72
-71 -62
94 57
-74 -88
-24 -55
-92 -76
-57 -20
-96 -36
56 64
-9 59
63 -79
10 -19
69 -99
51 -82
-8 83
-69 -91
54 -89
-52 -2
68 -76
-40 94
-30 -82
-82 -37
-2 73
28 -47
36 69
-88 -51
41 -28
30 9
-77 -70
27 16
-87 9
25 17
-30 23
65 88
-2 -76
82 68
-58 100
81 -9
22 -42
44 -42
78 6
7 18
78 87
77 -99
68 -46
-33 31
63 42
-53 -68
-85 -88
-81 13
87 -100
-70 80
50 61
-30 -28
-81 -87
-20 97
-30 37
-36 -53
-27 91
99 91
-56 -85
21 -94
8 69
89 -27
31 59
36 -33
59 16
-54 -41
-24 16
-19 -55
-20 11
92 50
98 -45
47 -80
-54 -4
-89 -60
-39 32
-53 19
-50 -65
92 31
94 -23
99 3
93 95
12 -81
-39 93
-36 41
-47 -44
-60 -50
-39 37
-80 -43
83 -69
-2 -56
14 -5
63 14
-20 5
-55 -76
82 94
-23 75
38 89
94 99
31 -93
-11 84
-37 29
84 -25
-84 -97
32 99
86 80
93 -1
-26 56
63 55
-90 58
29 92
51 -95
16 -11
94 -41
-63 -26
-33 27
-93 -20
-45 91
55 -79
44 -63
-80 -21
-84 -88
28 -59
18 -9
96 -22
-52 -26
-30 50
-21 36
89 -28
46 -75
-4 63
52 3
-7 48
79 87
85 49
-34 51
12 94
92 -71
-66 37
8 -67
-90 28
83 -11
-87 71
11 59
96 -94
21 -2
9 14
-45 52
-39 84
-11 96
33 5
46 -56
-52 -12
-77 -17
-76 -19
16 86
59 -52
-76 73
-82 36
-19 64
-8 53
-39 52
-47 -23
-50 42
-28 33
97 68
77 -55
-45 50
28 -70
-69 94
-85 90
-59 -61
12 -91
25 94
73 -83
-4 85
19 62
-50 72
89 -50
-36 -40
83 -90
78 9
-45 -67
-41 33
-37 -60
26 -22
-71 17
-33 -8
26 93
-65 -51
60 31
-67 -22
-58 -67
100 -70
-16 -87
-60 -84
-76 -83
26 -21
-50 35
63 -37
75 -62
-9 54
56 59
96 -19
51 -70
-20 -40
61 13
38 53
47 -13
83 81
-49 73
97 -75
91 -28
-46 91
57 -84
-46 31
-45 -5
-65 -90
-47 -70
-59 54
-89 22
-87 22
85 1
-25 -19
39 -43
-39 40
-70 -92
65 71
-20 -82
61 88
-32 -10
-90 3
-50 -37
-16 -59
68 -55
13 31
67 -2
83 -59
29 21
-51 91
-40 -71
49 -76
100 79
93 10
66 -73
-75 -66
-33 -65
-13 -33
-52 71
-41 -85
-85 72
-3 33
-81 -21
74 49
50 -78
-11 -91
-49 -63
84 -100
66 26
-39 32
54 -14
66 71
-29 -48
89 19
74 -53
-15 39
69 82
-29 89
-90 96
-13 60
-83 76
69 -81
63 2
70 28
-73 -70
-91 31
16 75
-48 87
78 -60
-44 1
-63 41
90 -95
-28 -39
94 -18
-94 -20
-59 74
-95 60
43 18
-89 13
97 89
43 -95
20 -91
31 22
46 -42
62 -99
59 49
-8 48
54 64
59 48
96 15
78 -64
-11 34
46 -69
-99 57
44 98
46 -63
54 -85
-54 -66
37 92
-8 -52
44 -100
97 -65
-2 50
100 -93
-53 95
22 76
82 61
9 27
93 -40
-16 -14
-42 80
23 62
95 19
96 -19
-39 -13
29 -96
-63 -25
-61 35
-76 89
42 -78
84 -86
98 15
75 -44
-59 67
16 -25
-97 24
-46 -24
-15 99
46 -20
-71 -94
17 58
-90 54
-68 100
-11 -93
89 81
-71 22
95 77
-64 70
-68 -73
-14 -2
3 -61
-78 7
16 7
-44 -39
38 -15
-83 -46
94 -73
-92 76
-74 -3
83 65
-23 62
-14 -28
-12 22
92 -30
50 -23
69 -98
17 41
-41 83
-53 -35
94 85
51 -90
-61 44
88 98
19 64
-6 -48
29 21
64 -86
93 -48
-13 34
-28 87
-89 -60
39 -22
81 98
-40 79
-37 -47
13 64
-37 2
-43 -50
-1 26
-87 43
28 -8
-36 -8
7 -94
-6 94
41 66
30 2
57 -32
80 -13
-85 90
-35 -22
-58 29
92 -45
81 -52
-45 -20
75 -82
-78 2
11 -64
44 68
-57 88
11 34
54 -60
-65 -40
-42 65
47 -27
54 63
52 46
-9 -7
51 -29
42 56
1 -34
74 -26
18 -66
10 -88
-99 3
100 -38
-64 53
2 -79
63 10
86 10
84 -11
-28 -15
85 13
78 35
84 -31
-10 -65
35 -86
9 -97
99 69
-85 -100
-28 -86
-88 -42
18 -35
-70 -20
75 66
40 58
-45 -89
-58 90
24 -80
25 -42
-11 65
-7 75
29 52
78 28
20 43
-22 92
57 -10
-100 -76
55 -70
-45 30
96 95
-63 -50
-94 -20
-60 -20
-50 15
38 -11
-71 81
-37 59
32 91
-14 -48
33 64
94 -10
-47 94
-36 59
-77 19
-62 -81
14 -25
-81 -30
5 -91
50 55
-26 -62
-56 4
-82 -43
-38 1
-52 -2
53 31
-39 46
71 -36
-10 -65
-78 13
54 -90
-18 -83
-14 2
-13 91
-39 88
-4 36
-75 -10
-61 -57
47 -49
44 45
49 -54
-24 -91
43 -54
-77 -68
-69 -54
-5 36
-94 78
53 -8
-71 91
-67 -10
78 29
-75 -98
-82 -86
96 15
-35 -10
-90 -87
36 -64
73 -22
-68 97
-40 -36
93 56
100 99
-17 2
-59 12
-8 -26
52 -31
53 28
-79 21
42 -83
86 58
7 96
21 93
-69 -6
-29 -86
-60 -19
-22 -68
-64 -73
81 19
-21 -79
81 72
-55 33
91 98
-40 63
18 52
30 4
9 -64
-51 -70
-72 -69
-26 -51
-55 14
-19 -27
-4 17
-50 -74
87 29
99 67
-50 -57
-51 92
92 9
54 -41
-89 -17
13 -30
-31 13
-50 -53
44 24
-53 39
88 28
-89 -67
-56 -39
-40 81
90 -42
48 -60
-49 47
82 93
-94 35
-98 -83
68 15
-13 -64
-73 38
-67 21
-89 -20
-41 100
-93 -30
-68 -98
-19 -58
83 -29
-39 2
-73 -58
-56 -67
27 -54
-100 -56
62 -13
-70 39
75 -37
-90 87
44 -31
36 1
-10 68
3 71
-90 -64
92 -40
16 -98
12 -7
95 57
26 21
-98 26
15 14
64 45
-97 38
-92 -87
-26 2
-68 -91
53 22
28 -44
-57 -12
-8 -66
-2 58
-63 -90
-49 -69
17 27
3 19
-47 -83
84 67
13 87
-46 -29
50 29
23 82
-12 -25
4 66
31 -3
-97 73
31 2
-19 18
-38 32
50 79
-92 -98
-53 -89
78 -18
67 -68
53 16
11 -25
-52 49
51 2
-35 -69
99 -32
55 29
70 86
-53 82
-33 47
60 -25
49 -93
-13 18
88 -36
51 55
-54 -47
-30 7
29 18
-44 -71
-81 21
-90 -83
89 15
-3 9
-10 67
-60 -100
-58 89
-93 -21
-44 95
43 -94
49 40
-40 70
-54 39
-63 2
18 -93
73 28
75 12
94 -29
-80 -7
65 -40
-90 -96
-40 -98
43 -83
-19 50
-88 74
6 11
13 66
-70 60
-46 -82
-89 22
-75 85
-100 50
-4 94
72 -34
-64 36
-24 -54
-9 37
-52 84
54 -21
33 16
-47 -61
-73 66
55 -93
-25 -91
-75 -13
-19 -100
-79 -19
51 -33
-26 22
-17 11
-93 59
7 -2
-5 6
-68 100
85 65
15 -63
-97 -8
54 9
-50 -72
-32 -25
-35 49
-24 -64
-70 77
3 4
-2 36
65 -45
-5 -78
54 40
28 36
39 -38
-50 -46
-54 -97
63 -4
82 -70
22 98
79 48
-67 -92
24 -13
-37 72
-74 17
100 30
-93 27
-35 -4
40 16
-50 90
70 -3
43 32
43 24
12 -86
-29 -10
62 5
-51 -65
42 12
57 64
-11 34
-69 -61
-37 -62
16 -21
34 -45
95 85
-56 64
-69 87
-55 24
-39 57
39 32
-54 -50
87 -5
-64 28
57 93
-58 97
26 -27
-65 40
-39 1
-82 45
57 -88
-21 51
26 10
-12 71
85 49
27 23
-70 23
23 68
69 59
-5 -25
2 -13
-29 78
60 -44
17 71
8 -15
16 -36
-3 95
-86 73
-45 -48
43 90
-100 -81
-38 82
-7 85
49 -89
-6 94
-14 46
-19 8
23 91
64 91
62 -29
-25 -23
-15 23
-79 -50
-5 -74
2 89
-85 -47
58 -23
-66 -50
-38 83
-39 6
76 -2
-49 -44
-95 74
-53 69
64 59
91 90
-65 -75
12 -94
-25 -94
84 78
45 99
81 3
-24 -86
3 -12
97 15
44 22
-88 95
29 -83
18 76
36 -68
-16 -24
-79 -31
2 33
-25 77
-11 -42
4 -66
-93 -16
-13 -67
-52 90
-29 95
4 -86
17 -34
-92 -55
-17 -24
71 -81
8 -46
-55 -21
23 47
-89 48
-26 1
57 28
-15 64
-88 72
97 -90
11 -33
-95 -85
-69 22
-19 90
17 15
-35 -63
-16 24
-59 29
-98 14
-74 65
-85 68
-19 90
-79 -73
-100 32
-56 -95
-3 -25
-23 29
-36 44
-57 -20
81 -23
-97 -79
-95 56
-15 -69
20 46
-19 35
-36 9
-66 45
-2 -95
73 -52
38 -84
-97 85
-58 -70
13 6
74 6
86 4
83 39
-25 39
-5 60
20 65
-44 -99
10 -16
-86 58
-10 37
57 78
54 60
62 96
41 -25
-49 -36
31 88
69 14
-24 94
-48 71
4 72
36 10
73 86
80 -68
-31 44
41 9
-19 -3
-64 85
-94 99
30 47
-77 31
-89 54
18 30
-83 95
23 -31
15 77
92 -100
86 -85
47 -95
60 -13
-36 91
84 1
25 90
-1 -46
-13 -28
85 -2
76 -47
-73 94
-38 12
-73 -47
13 -37
68 -52
-21 -36
-97 89
51 -32
29 -16
69 -47
-77 -83
7 10
-11 -59
-93 -36
-6 85
-93 -9
-65 -30
-97 -38
-27 -34
25 91
14 54
-46 18
-8 55
86 -80
89 4
-77 -88
21 -20
22 60
22 -20
-77 66
-36 -69
-43 -51
-49 -40
11 -26
26 87
-85 90
40 -81
7 83
75 -58
53 13
46 77
25 -34
-44 98
76 28
-23 100
-6 -9
81 1
41 82
11 -99
-95 -64
88 -80
76 28
-60 -67
-40 65
-25 -88
-73 72
89 53
88 96
50 64
23 77
13 67
-83 -7
-33 8
-76 78
10 -71
64 -3
-100 40
75 91
73 -66
5 98
-53 32
69 -65
-16 57
-70 84
20 4
10 -68
-30 28
-25 38
-65 -51
-35 -5
-72 -71
93 -72
69 67
-82 -9
-99 23
-12 -52
-95 -43
-67 -61
-87 -86
-77 -17
18 -17
-35 38
61 40
-75 47
39 -9
-59 67
20 -67
96 -62
51 64
29 2
-63 -84
50 -58
-77 33
-19 87
47 -46
-31 -86
-12 34
3 -52
-77 28
95 62
69 87
-21 -62
70 -26
-24 20
-63 55
-79 -76
22 21
-34 45
-96 -2
-18 1
52 51
16 -61
-65 69
-62 -92
-54 83
21 -85
69 100
-47 39
-77 -20
-42 -40
-66 -70
-65 6
-99 5
99 -17
-94 1
84 -28
-10 -82
-60 -22
78 -14
-39 -2
-49 -71
-3 5
18 20
35 27
30 19
57 65
-75 -43
-84 -74
13 65
-41 19
-85 -58
91 6
-39 81
34 -62
-84 95
-14 -32
-76 33
23 42
-48 -43
76 75
-53 51
83 -87
77 -5
78 -65
-87 94
-22 54
-51 -11
34 83
-23 50
78 63
68 52
-5 -10
-57 -3
47 -38
79 -27
87 -75
-77 69
-62 51
-87 67
86 77
60 -87
30 59
2 -87
41 29
14 -32
-9 -19
70 36
22 64
-68 -32
-75 -89
-9 62
87 15
31 -75
-35 -6
92 -100
-29 1
-86 51
-41 -34
65 50
46 -22
69 -64
9 38
73 -70
1 55
-51 -24
66 40
-62 53
-96 19
28 -81
-88 -31
-80 -67
70 85
85 79
-100 49
28 46
77 -4
33 -65
85 -45
-84 -15
-91 -35
12 76
55 50
-22 60
-82 -95
29 81
-26 49
-86 94
-17 99
72 -16
-3 -51
80 -27
-4 12
-42 -20
67 -26
65 77
39 -74
2 -56
26 80
54 44
35 -18
25 59
-69 -11
52 -36
-13 -27
48 84
-94 -83
90 -36
-53 7
39 63
-67 -73
89 35
-29 15
-36 -76
-42 99
-43 33
57 -62
-79 -42
2 -42
31 -50
-59 -98
28 98
71 -33
-38 -83
74 51
80 57
78 69
-9 100
-67 55
74 -9
53 -70
75 -41
-32 46
17 71
-96 98
71 96
-100 -52
94 71
-35 -95
38 90
6 18
46 -17
-64 -63
-68 -31
92 -94
10 -5
-64 -16
54 -45
81 -79
-75 85
-82 46
30 -82
94 -27
39 -42
-22 -73
-53 84
45 44
-83 81
81 -51
-51 22
-45 9
67 -58
94 -29
-3 24
-8 -28
8 -40
-83 88
-71 -90
-39 68
-82 39
95 -84
-27 -11
-81 -10
-11 -82
-89 -5
28 79
-13 -29
100 84
95 -9
-95 2
51 -78
-61 80
-2 -100
90 -58
67 -38
32 -24
2 51
66 41
70 28
-65 -53
-44 -28
18 -45
-95 12
46 -90
64 -54
-68 -98
77 -86
3 -26
66 -8
16 -18
54 98
59 -95
-1 -26
46 -82
-99 32
-35 -43
54 83
12 60
-6 -93
70 -43
-46 53
-41 -70
17 62
-46 -18
-47 20
15 57
18 -77
12 -84
-3 -92
85 -1
-10 -51
56 -57
-69 -82
-98 -25
-75 73
32 -71
-25 91
-41 92
3 -37
-26 6
84 39
-87 1
62 25
-33 -42
33 -49
57 -78
-50 -37
-84 -19
-19 -82
56 6
41 -63
36 -85
78 45
-93 -20
-92 -69
87 92
70 50
-58 -19
-26 -41
39 58
10 -54
30 10
9 46
91 40
65 -4
-55 -45
-17 31
-29 -40
-24 -72
41 -66
-41 -23
76 79
-74 -83
-41 -50
-24 48
-93 36
94 38
-55 -48
-17 86
92 98
-69 88
-47 14
-32 -26
74 -6
2 -36
28 11
41 -47
-11 17
-30 -2
68 -4
96 75
82 40
-38 77
92 46
62 34
-29 46
-94 -11
84 21
95 -39
-69 -14
15 -30
-98 85
68 70
-69 64
-5 -88
-47 57
90 -56
-48 1
28 46
-56 49
-9 -50
-62 11
81 -79
-69 76
-18 -87
-39 47
-17 -87
-18 -99
34 13
15 -72
25 68
35 -36
62 88
66 -60
-17 60
89 74
-91 -74
-16 41
98 -34
-34 -70
-21 27
77 62
-10 -92
13 -77
21 -73
-99 97
45 37
-40 7
-26 -75
47 57
35 -15
30 45
-38 65
-65 -41
-70 1
-61 9
78 67
-80 -33
75 34
-59 -4
11 -58
-8 -44
29 2
13 -98
-22 -91
9 -88
-6 90
7 56
54 42
66 84
93 -96
-58 70
71 -38
88 -4
46 -72
92 -43
-80 -67
-37 50
-15 26
52 63
35 -89
76 79
-100 -18
35 4
-13 67
-46 29
37 76
41 -26
-29 -13
-48 -88
-6 -28
96 7
-79 -20
-68 24
-57 17
-15 69
-5 -15
-50 -71
89 -76
-21 -75
92 -16
4 -22
-41 -56
2 -20
31 54
-8 75
76 -63
-19 48
17 13
-79 10
80 6
-22 -25
41 -21
-46 -21
-47 34
4 -56
68 -93
-28 -74
-99 74
6 33
-23 48
7 -47
85 89
-100 -49
-49 -79
62 -69
-23 90
-44 -83
-82 10
-4 -28
94 50
16 61
7 89
37 8
12 -58
-60 90
90 -2
93 24
-64 43
76 -63
64 -13
-82 91
-24 -26
-93 -5
35 -47
67 -22
-98 -68
-61 9
71 76
-84 -17
69 -93
-78 8
-45 -86
-68 -9
57 58
28 -30
-56 47
-90 -30
71 -83
65 5
-80 -19
84 73
-36 73
-69 -66
-2 -53
-33 -84
-96 -61
25 -41
-97 7
-36 -72
80 -42
25 90
28 -55
57 -7
51 27
24 -16
-1 88
-94 30
73 -46
28 90
-29 32
-71 46
42 -68
-98 -59
43 -84
-81 -28
-26 44
-88 -99
40 69
-56 -60
-54 69
24 45
6 -20
-75 -72
34 53
-82 55
-66 -53
-50 26
-71 -48
68 72
-32 37
-56 42
-19 -44
44 71
75 38
-90 -80
6 -16
16 63
64 41
91 -53
-57 -92
53 -73
-95 -98
54 -65
-45 -29
57 -27
-93 -100
-85 -62
-94 9
-92 32
-54 -82
52 3
2 -83
8 -95
-37 51
65 66
29 70
68 -18
-96 73
3 62
-54 10
12 -89
49 -31
20 7
-100 16
26 2
69 78
20 84
94 78
40 -94
-21 4
72 -93
-27 39
-61 -72
12 42
40 58
-49 -99
19 50
-30 -62
-43 -30
4 33
23 -27
10 -58
-94 -47
70 46
-41 -52
-51 81
-45 -27
20 -6
-49 82
86 91
-11 -63
42 -93
37 -88
96 94
-68 -1
26 55
22 87
47 -21
-61 -33
75 -1
15 -76
-21 71
-53 49
-86 -2
-20 -100
-62 69
88 30
26 24
-8 21
-32 25
71 94
-71 -58
30 27
21 70
94 -54
-82 8
-80 -3
-72 -33
97 94
15 -24
44 3
96 31
-68 21
-96 25
-58 -28
100 63
-84 79
-96 46
5 -24
-35 -52
22 -17
7 42
31 35
59 27
-22 -77
53 -79
26 48
2 8
-31 -43
83 -39
29 32
74 -5
11 28
92 66
54 -44
65 -75
40 -29
17 -30
56 -25
47 -66
-52 -1
-95 24
98 -42
-68 -84
15 65
-73 94
-53 -100
-11 8
-22 -70
-27 -68
-14 -63
-43 76
-42 75
96 -86
100 42
92 -47
72 39
11 54
55 76
-31 32
70 16
32 -92
-77 -91
-62 -54
92 -26
-66 -51
-50 -8
74 -55
6 73
38 4
71 -21
8 -7
-83 -82
-54 22
45 -35
-47 14
31 35
22 4
-6 10
51 -64
84 35
-15 -67
77 -92
-71 -67
31 17
37 2
96 -56
45 63
-87 91
-66 58
-94 -63
-79 37
72 -7
-59 -85
-98 42
-49 36
-24 -14
70 -98
-56 49
-65 76
-35 73
-73 -90
67 72
73 80
62 -94
-13 18
-57 8
-45 65
-100 -4
30 -98
-63 32
39 -37
68 -42
-35 -88
57 -49
88 -79
74 -86
82 40
86 54
20 -3
10 57
-85 3
-35 -80
-83 -35
-34 47
-82 -47
-72 7
16 97
15 31
59 -29
32 46
-58 5
10 -77
77 15
42 -64
-29 7
39 36
27 56
52 43
-48 20
96 -19
-74 -39
-73 41
93 86
-89 24
31 -47
-71 91
-74 -76
-65 -98
39 27
-62 60
-66 27
-54 11
-18 48
-46 34
-33 100
65 -7
-39 92
84 -47
77 45
27 -43
48 6
-53 74
-20 -68
26 69
60 14
29 44
-60 75
-46 22
22 -42
-95 89
-42 21
-69 19
12 -86
22 -61
9 99
-54 -44
-45 -6
-71 35
-24 55
4 -65
-82 83
79 -42
57 84
30 -72
92 -15
67 100
-95 98
-32 18
62 40
7 -30
39 53
-24 44
97 5
-22 -27
-91 32
-42 -73
14 -63
-65 -80
71 65
-52 62
-51 65
62 -45
62 -71
23 -27
70 -71
-7 -42
32 19
-99 29
74 -71
-99 83
12 -41
60 -75
-54 95
97 -84
9 95
29 9
64 -29
-81 -64
45 89
-85 88
97 47
7 48
-25 -20
78 -74
-87 -61
-64 23
-86 -18
-32 -90
-51 27
-95 28
68 49
-65 87
85 30
26 100
-32 22
47 25
-30 72
-96 98
99 68
-64 85
-59 -50
-84 9
-89 -35
-65 -84
93 -29
31 10
-81 16
-3 55
97 -78
54 -36
-6 -50
89 64
73 43
11 21
-39 -3
5 2
-2 21
61 9
37 96
-25 -21
-84 56
90 87
-29 -14
41 -83
-42 -56
-19 52
-5 -81
16 -83
13 77
38 74
-26 -58
-75 72
63 86
-70 -51
81 5
29 48
-40 18
34 -19
54 -26
-1 -89
18 30
50 -72
80 -88
56 -33
36 -71
9 61
51 -78
46 81
-29 -24
-65 50
-77 -5
-33 7
26 71
31 -76
82 100
55 -5
12 -46
23 -58
-84 -22
9 52
-43 -82
12 -93
91 -93
38 -89
-67 73
62 -93
-83 79
14 44
50 -55
18 31
95 -28
-75 6
-24 -1
48 -58
27 -43
94 85
-25 -45
42 -85
-38 -20
-74 -4
-98 88
3 -80
64 16
62 -19
97 56
4 73
-38 30
-29 -91
73 48
-84 16
32 -59
72 -26
-44 84
4 -17
-71 6
-80 -18
26 37
-51 -61
-98 61
-29 100
17 75
22 79
-46 43
38 -74
-10 55
-7 73
96 -36
97 -98
-15 78
56 -45
-41 -68
93 -42
-29 95
-81 42
44 36
-34 -35
-36 21
-93 52
-3 -52
-44 90
-80 -98
-97 -84
-96 52
16 -61
-6 88
3 -64
97 25
82 -85
-84 25
1 -17
41 65
54 -2
-34 -50
46 23
91 66
25 44
82 -21
-5 -53
-32 -77
19 62
62 72
49 58
-54 30
23 -37
-96 -77
46 45
88 -1
-57 -97
-1 89
-24 -61
55 51
84 -14
-71 -72
34 -3
-91 64
74 8
-29 71
-63 94
-67 92
-84 29
37 54
78 80
7 -74
18 84
-34 -78
34 -51
9 64
-23 -58
-90 -71
-56 70
93 68
-23 -87
-12 14
-94 21
6 73
100 93
-24 27
22 84
54 -61
67 -81
-82 21
-87 -55
13 -76
-25 57
94 -83
-26 -79
-69 63
-15 88
-67 41
11 -67
33 87
10 -46
20 -37
-56 -14
-68 -44
37 -50
27 50
-54 -61
24 -29
46 -32
-12 70
-11 -31
-18 24
-93 16
-35 18
-1 98
-46 -92
-98 75
-78 97
-90 -46
-98 47
-45 29
-53 1
18 21
72 -87
39 -91
83 -73
-71 -85
2 -64
31 67
54 80
14 58
38 16
32 60
-38 43
-86 -36
-61 -31
43 -14
20 -90
-93 -59
-77 46
-100 57
24 -71
72 -75
-35 -48
42 69
-69 -45
-23 19
22 -92
-21 84
1 -57
99 41
-38 41
77 82
52 34
73 25
-70 73
-69 4
-21 68
-96 -80
-13 86
-25 64
5 47
72 34
31 -77
77 29
14 -62
-81 -10
-81 21
75 42
-54 -96
-36 -23
8 -84
81 87
57 -79
21 82
85 -75
29 6
9 -91
29 -15
38 93
23 7
-17 -8
-72 -93
-67 -76
-89 -3
-49 -31
-36 -69
-95 99
-84 62
-81 -13
43 54
-38 -79
-41 71
-70 39
-45 18
31 78
76 64
-81 -97
71 -48
-73 82
-1 -22
-100 13
10 -95
-39 -24
67 -20
63 -40
84 -76
-69 -57
45 -88
32 100
-20 -38
27 -45
77 46
-42 47
48 -65
-21 97
14 -21
10 74
-65 71
100 -99
-99 62
-89 85
36 -57
78 -20
-95 9
-71 -15
22 56
41 -2
95 99
85 -27
95 -52
3 -46
-79 38
76 -80
-11 77
32 -49
11 -83
-56 -11
-53 -51
98 -24
34 19
82 -76
67 -68
74 62
-70 58
-66 75
-95 -13
-71 -74
75 -96
97 -36
31 -22
-35 92
-55 9
-20 -8
58 -72
18 -59
-3 -1
-34 -36
-19 -61
-75 11
97 -91
-65 -99
-53 -36
78 -79
-82 24
-65 -1
-9 97
-92 21
-62 16
49 56
58 -54
-96 -77
-40 -15
-38 -65
46 -92
95 81
60 -59
96 -13
-37 64
61 -52
-37 12
49 4
-42 57
-76 -4
-27 74
-99 81
70 56
-97 80
91 -85
-86 36
74 -92
-34 33
-50 -39
70 -37
76 30
11 -62
92 -91
-8 -51
67 16
45 90
-61 -4
20 -92
-99 23
38 92
-12 52
-23 -89
11 43
44 11
55 -37
24 30
93 -66
18 84
-56 -91
83 61
25 27
73 -81
23 74
-8 -89
15 30
63 92
41 -77
-16 -66
34 -62
-3 -43
18 -61
-58 -65
73 -64
95 55
97 -30
-69 -54
85 54
-85 -43
27 7
-32 92
87 82
83 27
-96 -34
-45 -93
-4 73
97 38
59 69
74 3
-27 20
73 4
16 7
-43 31
65 34
88 -68
25 74
64 7
-50 19
23 61
-93 28
18 3
-49 14
92 60
-68 15
-38 5
59 1
-8 66
83 -44
-1 20
-61 -77
-56 -98
-20 -6
-29 54
-45 -22
-19 23
88 -27
-9 70
88 4
-25 23
-11 84
-76 81
50 57
88 -52
-24 77
-78 20
29 -48
65 -100
-95 70
-72 -63
-8 60
19 -21
-68 61
-51 71
-36 -26
-7 3
-93 -33
-17 57
74 -80
56 -50
47 28
20 -24
80 -66
-74 36
-97 -46
23 -54
65 -59
-25 97
-99 -26
17 -85
-2 -90
18 6
-23 52
-88 -49
22 68
-49 -31
-55 21
45 -75
6 71
11 9
75 84
55 39
-76 81
36 77
-46 -98
42 53
-88 -40
-42 -60
-89 -30
-59 33
89 -58
52 -67
63 -4
-92 -32
-84 -31
28 92
-48 -68
30 -73
-88 -85
-97 -33
-82 45
55 -73
-80 16
-3 -89
100 -65
-47 51
-31 -84
98 -73
-66 -87
-3 12
55 -1
45 -65
26 57
-100 -21
-77 69
-76 93
50 29
-81 20
-55 -33
32 95
2 85
45 21
51 42
-1 36
6 46
-53 -90
-56 92
96 71
-1 97
-51 -28
65 -77
-35 -36
3 -66
85 48
1 16
-8 54
-50 -64
-26 -99
29 23
37 85
-32 84
45 13
26 41
-67 -76
37 -18
-4 -49
-44 61
16 59
-44 -54
66 48
100 -85
34 -76
-84 -38
47 3
97 -85
-13 42
-22 -88
-68 11
-64 69
43 -18
-81 99
-57 -15
7 89
85 63
-66 50
-40 85
16 95
-92 -18
-94 55
86 54
20 -78
-55 98
-66 -23
-42 -80
-55 -99
2 -86
50 -5
-67 -66
20 -82
35 81
-98 -50
25 61
32 -19
-35 -33
-66 86
-11 -21
33 23
56 42
-7 51
43 46
16 -58
91 66
100 -76
100 20
93 -16
-50 95
34 75
55 -84
-45 -81
-17 -60
55 73
19 -62
-55 -75
80 -11
76 -28
85 -9
-36 75
-44 -36
49 -94
84 41
-10 84
-15 75
8 90
91 13
60 -77
53 14
46 -78
2 42
-53 -19
-70 -78
3 65
-36 68
39 -30
82 -62
-74 65
29 17
-2 -86
-9 -95
54 -69
18 13
-96 -29
78 1
-7 -21
-58 -10
11 -78
-38 -87
87 26
31 25
47 12
13 73
-74 -58
-61 24
-94 -20
29 60
-39 98
-77 -34
-32 -100
67 11
-21 59
-100 40
81 -38
4 67
39 85
-59 -65
-3 55
-93 -27
47 -53
98 3
27 -24
-88 89
-27 -65
-96 -9
-65 21
52 -35
-21 2
55 -41
15 -42
-75 -47
-57 -84
-62 -10
71 -55
63 -33
-58 10
70 20
37 83
-42 60
-83 -88
-99 -97
33 53
-32 62
-45 73
71 70
-69 46
73 -76
62 -90
-36 -17
-95 77
50 99
-13 20
18 74
-48 26
-17 -81
38 -16
-78 -80
-63 -60
82 -58
-87 2
-89 95
-53 34
69 -92
-6 -68
-9 -1
-3 -55
-39 65
-82 13
-10 -48
-18 -73
36 5
-53 23
-5 79
65 -42
-20 26
-98 -23
-41 71
-14 53
-98 27
-98 -89
-32 -51
-94 29
-86 76
92 4
-73 -26
-18 63
79 29
-14 -77
-42 -50
-18 -12
27 -16
66 36
-95 -99
-11 -93
28 -59
69 47
-10 76
-25 4
1 -33
59 28
41 -60
-60 -31
19 26
-58 77
27 -26
-35 -47
9 -70
89 14
-69 -73
-29 9
-82 -60
-45 9
66 -19
63 -84
48 21
44 -62
11 84
-43 -70
-40 -1
-94 37
24 -79
40 -68
-99 -22
46 -68
-44 -84
-8 -26
-94 -3
33 22
78 -54
38 -25
67 -69
-37 -22
66 20
-42 -75
70 -86
12 -7
-64 -49
-25 -63
29 -80
-80 35
87 -38
60 44
59 -8
-85 37
38 54
62 -45
85 -75
-17 50
-5 41
25 -36
55 -64
7 41
-63 82
29 17
52 -1
-49 -11
61 -90
-68 19
-47 -53
-95 91
51 68
96 -14
43 -22
86 -63
69 -39
-48 -26
-3 9
65 -15
-9 -7
-99 93
92 -98
-19 52
64 -37
-79 -84
11 -74
57 -89
44 3
-3 -14
31 -17
44 26
24 91
-66 -12
-75 -25
82 77
-32 23
30 -1
-75 -7
63 -54
-41 -77
-78 66
-66 67
-32 -18
-48 50
15 -24
100 -92
-99 23
49 87
61 75
-39 -8
51 -21
-85 -20
79 -60
23 -9
-64 32
14 -42
75 16
80 78
-35 -6
-47 -36
-48 -45
37 -99
92 -2
26 -48
90 -74
-18 55
-43 -40
45 80
1 81
12 -86
90 60
12 64
-25 -58
41 -9
-14 95
5 39
100 93
40 91
-10 -85
93 -71
-59 -26
35 -2
-16 -21
-72 85
-90 40
99 100
-51 -39
13 24
3 -46
65 89
99 -80
-23 98
-88 67
38 -48
82 30
-19 -77
-96 66
-29 -62
-55 -1
-77 -45
-62 72
-96 -63
83 17
12 -15
21 -24
-76 19
-4 1
-34 -42
-32 -97
10 100
-16 42
-78 -62
7 -6
-24 2
43 -51
57 82
72 11
69 54
-72 -20
-61 49
57 -87
-82 -98
14 -66
-89 32
89 21
32 -28
-88 4
-40 -30
48 -14
72 -9
36 -21
-78 7
90 91
-40 68
-29 -51
-33 78
-88 -65
80 27
-31 91
-92 -43
-38 -10
-21 -76
95 39
-6 42
-75 -84
-68 11
-5 -46
68 -66
-55 78
53 -34
-73 -81
-57 -61
-46 73
16 -27
14 -25
31 76
65 60
50 59
-1 95
-49 -26
61 -17
85 -95
-12 52
-61 -17
29 92
49 6
61 42
-4 65
14 62
-62 -73
-64 69
53 52
28 3
-40 77
-53 11
-50 -93
45 85
-88 -68
36 -99
-35 -85
44 64
21 4
5 67
-31 -82
29 -43
-54 15
-75 49
-34 3
-49 27
-70 -52
-63 -70
-45 32
-85 -83
14 1
-81 79
-34 63
-8 38
-84 97
4 -65
66 -68
-8 62
48 -33
10 64
21 62
-60 51
60 -72
31 -85
60 -4
-68 -26
48 -49
-98 -87
64 -5
51 81
-9 -45
66 -94
-63 -42
68 35
25 -22
-1 96
90 39
46 49
67 -73
14 27
23 47
51 -30
48 53
-16 -38
-53 85
93 -11
-61 58
-5 -23
-85 -87
-89 -9
-59 10
-14 -70
100 83
29 16
-91 -57
-58 -18
40 43
3 -63
-4 37
-1 -7
21 -9
82 61
-51 -73
88 -86
-60 99
-45 -19
-41 42
-39 -92
-26 40
24 -67
33 17
15 -78
-41 68
-40 55
4 9
-52 -75
-100 80
36 100
57 23
64 97
-29 -81
-73 30
11 -62
38 85
29 -88
68 -39
29 -68
-16 88
-100 -6
43 4
-98 41
-21 53
-30 -86
2 -73
37 -34
74 -92
-65 52
-12 46
40 77
-20 -32
89 -53
-20 17
-21 14
4 -21
-93 97
34 60
-13 -88
13 58
-73 -86
85 14
-70 8
-28 -35
-41 61
61 100
-13 -60
-83 -25
-13 -3
42 17
-90 -55
46 -83
93 -21
78 -21
-58 -60
87 -81
-46 21
33 -65
-71 56
-34 -39
88 53
-49 -95
-73 -11
2 69
-95 -37
64 51
-20 6
81 -93
36 -78
-53 22
-59 -48
94 24
-13 73
-71 37
-90 -5
98 49
-53 -51
54 -76
38 -95
43 -7
-32 7
94 -1
63 74
6 -2
46 4
-80 37
56 64
-89 93
36 -60
29 -4
36 -23
-56 33
-24 98
58 64
-44 -79
57 -51
-83 69
-20 88
-44 86
1 -33
78 -64
7 -44
33 93
33 27
26 -92
-25 -17
33 -73
-51 -60
-73 20
60 -100
-4 27
19 76
-35 75
11 66
-59 -12
53 49
44 -65
41 -73
62 -84
-65 -64
-51 -93
-36 83
85 -36
-78 -89
84 32
62 -21
-92 -19
-96 -77
-45 15
90 -3
53 -8
96 -54
27 36
-27 -12
3 9
-25 52
-34 39
34 -50
-98 6
-88 86
88 74
-86 47
-46 -82
70 -40
33 9
57 -65
-100 52
-18 27
-63 55
66 40
-87 -60
-8 -21
29 76
-20 -18
-68 -58
-33 -81
-85 -68
66 -80
-50 -14
-70 34
95 87
69 96
-12 -100
-28 -25
56 88
66 69
78 -93
99 -43
33 -22
39 65
20 56
35 -15
88 -50
-45 89
36 -15
22 -19
-79 -60
-74 -41
92 -2
-15 47
-64 -100
-35 64
58 -37
-80 -10
-9 59
-95 -90
-35 40
-54 -48
40 -49
-60 -24
37 12
57 8
3 83
18 -6
-70 -98
91 -84
-98 -45
81 60
-31 51
100 60
-40 -96
21 25
-6 67
77 -66
-83 68
-40 4
-71 67
-88 32
49 30
76 29
-18 66
-4 -66
72 -24
44 -60
77 43
100 -64
48 20
61 92
-64 38
-75 -46
-45 -15
8 -16
-49 20
-84 50
100 42
-71 -69
8 25
-35 -71
51 -92
-31 27
2 -82
64 100
-11 24
91 25
-89 67
29 -34
-99 -63
51 -97
7 17
53 7
-92 32
-12 16
-44 54
-5 57
12 64
-16 -87
33 98
-88 -79
21 54
46 -17
20 -75
49 21
-38 -51
24 69
16 -73
-75 25
59 14
91 66
-83 -14
22 -21
100 56
-7 32
53 -45
53 -26
-92 -51
57 28
-26 -45
100 -14
-45 23
-46 21
50 -70
96 -41
-6 37
-76 -39
73 46
40 72
2 83
-46 -96
-62 57
-22 97
-95 85
-25 -71
91 -26
15 96
97 20
16 -3
56 94
-52 80
-46 -80
-25 44
42 27
27 96
32 15
53 60
-39 8
-5 36
-12 -15
-91 53
-20 57
-78 46
-97 22
-93 59
-35 -95
-12 -31
76 63
-87 18
-37 72
-96 66
31 -35
-76 -75
52 12
-40 61
-36 -10
-33 -13
-64 -30
59 94
79 -76
100 -34
-7 75
-71 -44
-58 -31
46 -44
-79 21
16 -55
-3 -33
78 72
98 96
-92 -67
-35 67
-74 -56
41 76
-40 85
51 -11
-60 43
8 37
99 -2
87 -80
70 2
-85 -34
19 23
73 -3
-6 70
-8 -48
53 7
-82 30
1 10
5 62
-6 -95
-100 -16
-1 9
71 -3
57 58
-33 26
-91 -17
92 29
-95 15
76 -51
-16 -33
-49 88
24 -81
17 -75
29 72
37 73
28 37
-43 -74
-55 78
23 -98
-15 91
-22 -5
-77 -80
74 79
35 49
78 69
66 -72
56 -61
-53 -78
-36 77
45 -100
49 -28
-12 56
-2 33
-16 71
-15 69
11 14
-87 34
34 87
-38 -82
-15 -61
37 -100
-33 -7
-60 -35
-35 4
-59 -91
-45 40
-19 43
-54 29
-75 30
-2 -90
25 12
45 -42
-52 -94
-74 34
97 63
34 -87
-95 74
-22 -29
-72 -31
-70 -67
-91 -38
26 -95
91 1
35 -10
12 83
1 -64
-56 96
-56 -7
52 -80
77 48
84 -40
62 39
-66 -61
60 -88
9 91
96 -32
-48 21
-27 93
72 58
-17 -16
-10 34
-30 35
29 -35
78 -70
-15 54
79 -82
-87 -10
58 98
-21 17
60 38
7 55
56 9
-75 -72
2 98
36 35
-69 77
-32 1
11 47
66 -62
77 -99
42 5
-81 5
45 77
3 -76
-6 -38
12 51
68 -32
-90 93
-54 12
90 33
97 -80
9 -86
-28 -81
11 88
-93 -63
89 49
-7 -92
-47 -63
35 6
-89 79
19 24
30 -14
42 40
-22 88
-99 -82
20 48
89 -72
12 -40
98 -78
-52 55
-41 -64
3 52
95 7
40 -20
-88 1
-42 31
75 38
67 16
-73 96
-46 79
-87 74
26 -99
53 88
-91 -40
-95 -81
-54 8
21 92
65 -40
-29 78
12 -21
-42 -14
68 -75
-98 95
-80 -44
24 84
80 100
85 -18
88 97
33 97
-94 38
-85 -47
96 37
95 61
47 -35
-12 -42
-6 -4
45 -39
21 -3
-94 -9
3 30
-26 -68
29 -91
-35 16
56 98
-37 13
-15 -72
66 -70
65 10
41 -38
25 -72
-30 -82
25 65
-70 96
-89 -64
-63 14
66 -39
-3 -56
-80 62
61 77
9 -77
-61 94
-49 -96
-77 67
-36 15
79 89
43 99
-94 -83
64 75
-78 -100
-61 88
-39 36
83 -18
-3 43
-92 -95
16 -53
49 17
-99 72
-67 -35
-64 62
-47 80
61 -91
47 -26
97 10
-52 -82
-40 -13
57 22
73 39
54 -31
-69 12
-26 -3
59 -78
-87 10
45 98
75 81
59 78
10 -31
37 -93
43 33
17 42
52 78
79 -42
-51 52
97 -98
-80 -73
14 -55
24 -78
-83 -13
32 12
-66 -44
-57 44
84 3
-88 20
10 6
-97 78
-53 5
5 -75
63 54
77 59
6 48
36 70
43 -91
92 10
-4 -27
73 31
-21 -85
-26 -88
-32 -64
32 79
42 35
56 39
65 52
64 -9
10 -81
89 96
89 -19
-96 30
92 1
53 64
82 -69
29 -95
-57 97
92 25
75 -16
-90 -20
-78 100
-10 37
52 -97
79 -89
-78 67
-93 61
99 62
-10 90
-88 93
3 94
74 -69
49 -84
-73 41
-8 53
-76 -48
83 97
-49 -77
34 53
77 12
15 50
-72 -28
10 -74
-67 51
66 -54
43 -32
90 17
-1 -11
-17 -23
80 25
80 54
77 62
50 79
35 -17
31 12
45 96
-39 24
-33 21
50 1
-29 16
-3 65
34 -64
-19 -67
25 14
-40 4
-93 -85
51 58
94 -64
91 -25
-2 36
-30 9
-41 38
-71 59
89 1
-76 -65
-85 59
-79 -4
42 47
-91 -99
-100 99
91 -92
-86 -9
16 -93
27 6
-68 -76
-59 3
33 -50
91 13
-91 29
64 -67
64 79
42 85
-26 -17
-19 -67
-66 -68
-68 -76
91 97
16 6
54 93
-89 87
-83 -97
-97 -71
-88 63
58 26
97 -29
4 -12
-95 28
72 -63
62 -95
-81 44
81 -91
40 -4
-35 -57
-12 -74
-71 -45
80 -32
6 84
-53 -32
46 -96
95 -8
-75 -2
81 82
77 2
-82 -12
7 88
-69 -13
97 21
33 -89
64 72
-63 44
77 68
62 -18
51 -91
1 -54
64 -55
39 90
-7 -31
71 -31
71 39
57 -73
26 38
-35 -28
-92 98
-17 73
19 -30
-34 -4
-63 -73
28 38
-64 79
85 -100
-77 -27
40 -33
42 -40
36 -38
99 -57
-61 -26
81 4
46 90
-48 79
12 71
99 78
-84 87
55 -5
24 92
-27 -42
42 -53
31 -19
14 -78
41 -51
-66 -11
-8 -26
13 -77
78 -92
-88 80
87 24
1 35
-49 17
21 -95
62 96
47 -65
-97 -62
-18 35
-31 46
7 -91
95 42
-52 -63
66 61
-40 -7
69 -78
-27 5
-4 74
91 47
-60 -39
2 -98
-44 100
88 -90
-63 -81
45 7
65 -99
-34 9
-7 -35
-4 -42
-75 56
52 45
78 -76
-51 -27
48 90
70 38
-49 -78
40 -43
-79 -23
-33 -92
-4 62
15 -90
64 32
20 -44
97 -85
-35 72
22 -84
16 -51
91 16
-27 38
5 -58
-25 56
-86 66
-87 -65
-58 -20
-56 -11
-58 9
-1 56
91 69
-89 87
85 -24
59 -44
-58 -26
5 -68
40 78
20 -55
71 96
-100 85
11 64
71 3
-56 -86
92 -64
-27 -9
92 -36
-41 53
-100 94
-71 59
-51 -79
84 55
-46 23
-18 74
18 -98
88 -71
-18 58
33 -24
22 -26
12 45
15 3
-92 25
-44 60
18 -65
-44 -49
-78 -40
25 4
-66 -58
-43 3
11 -56
33 44
52 -85
-81 -77
-11 -18
68 -96
85 27
-21 91
-14 97
-75 54
-36 -68
-95 -14
-58 -20
41 -24
22 98
30 -67
92 -38
77 43
-73 46
16 -34
-73 -67
-80 63
60 -1
53 96
-54 29
50 10
11 5
97 53
85 -13
80 -44
-16 9
-11 -25
21 -85
68 48
12 -17
64 39
-34 85
-49 -74
-17 -96
72 29
-17 -29
-61 44
26 86
-4 10
-28 -75
67 6
34 -95
31 -96
72 -2
52 -17
31 16
72 97
-50 -77
73 33
78 -5
-88 -90
66 -99
54 -8
87 100
52 -92
-75 -32
-36 9
-76 95
14 96
-8 -85
-72 73
31 50
19 31
23 -58
37 -24
-40 2
-23 64
44 -87
64 -4
72 39
64 -65
-53 88
-71 11
33 -29
27 11
-57 -93
-39 12
39 84
54 -98
-66 -10
-72 -6
43 -45
-42 -14
-82 72
32 90
-40 -54
-76 7
84 -97
69 -33
-26 -5
78 -33
2 -62
79 -60
73 33
93 -94
73 71
-75 8
52 -57
-71 -67
-68 -11
-71 -94
47 -87
-91 15
-70 -67
-91 -93
97 -71
2 69
62 -56
75 -16
-85 -76
50 -60
33 -49
-66 62
-16 -84
-99 -36
-77 48
-23 83
-38 7
67 -29
-36 -84
32 -40
-55 84
-72 57
-72 -98
-59 -57
-73 91
-67 10
-59 -33
-79 -25
-66 -78
39 -93
70 66
40 82
-78 6
-48 -13
23 35
47 68
18 26
25 -4
-22 16
-11 -45
6 23
65 -3
40 37
22 24
59 -39
31 -21
77 -29
-40 100
27 13
-14 -51
98 83
68 -35
-42 -58
62 37
58 -100
92 -87
-27 7
-40 -87
-57 82
-13 52
93 -82
-11 -9
69 66
54 -96
-85 51
37 33
66 96
75 27
28 -77
-55 -100
-20 5
64 23
-64 -49
-75 -71
-81 -45
49 -42
46 -33
-77 -51
-29 89
50 58
21 16
53 -55
93 85
-23 20
-92 22
-29 -12
77 85
62 -87
86 87
93 -96
-59 -9
-88 38
58 -64
37 -72
-76 -13
36 -4
-98 -61
41 95
-77 -82
-35 82
-10 -14
-80 -33
-30 82
-70 -94
18 73
61 9
-37 74
97 -80
60 34
99 84
-80 34
-71 73
73 71
67 47
39 82
28 -72
-33 48
-5 -12
-21 -25
-6 97
-53 -46
-44 10
-73 -48
-20 87
86 -72
21 56
13 50
28 -15
-30 -55
82 -92
-74 10
-63 -56
-93 -18
32 -13
58 76
-67 -96
-71 -11
-35 -93
-8 -5
44 -23
24 -86
84 -64
65 11
-29 85
6 -47
94 -17
13 81
27 20
-38 -92
57 -81
84 91
75 63
-71 -61
20 21
-16 -36
49 -93
-72 32
-57 93
93 -35
28 -1
18 21
32 -70
-49 -42
-84 -43
-17 50
98 -93
-38 77
-54 83
-2 30
-12 -76
28 -19
68 -30
46 -5
19 -37
66 -50
-57 -84
-42 44
-21 -26
51 12
74 48
19 -64
-26 15
-82 72
96 65
18 -17
89 96
64 56
-34 -40
-50 85
-27 66
86 17
82 -57
-90 -89
-32 61
23 92
-42 -58
-73 32
57 96
-46 2
60 72
85 49
18 -1
-46 84
59 5
18 -69
-30 -47
-2 -98
-53 8
64 -35
-82 -14
-44 -74
-22 -16
59 86
-71 63
-13 90
-16 -78
-12 -99
21 42
35 -71
-90 -83
-44 9
-81 3
67 83
18 36
-82 75
62 -3
-92 -30
-68 -63
-68 19
77 -33
-9 -86
-82 62
57 54
91 3
7 52
20 13
-90 -11
67 27
-79 -16
-38 -60
-42 75
-13 -34
-56 -31
-46 -73
38 -70
-6 -71
-55 -38
91 52
66 32
-46 -28
-67 25
86 -57
-87 52
70 86
86 83
76 -56
57 -88
-40 51
-19 14
78 -82
-5 -79
98 40
-16 89
-59 -51
-30 -55
-28 3
70 -43
46 34
59 -35
19 44
98 -56
38 54
-44 99
5 37
12 -68
5 -94
-46 3
-4 -12
-9 37
37 11
33 -92
-87 -48
-85 9
86 24
24 -46
-32 22
-2 -95
-75 54
54 -20
-60 -34
13 46
-78 17
-52 19
-96 -11
-95 -9
100 38
-50 63
91 -35
-29 26
40 45
81 58
-34 -72
13 -8
83 -33
22 -78
33 -66
18 55
51 16
-77 55
55 -71
97 4
67 -54
-34 7
-39 -13
-67 -100
-68 64
58 -52
92 -29
-10 74
-12 -88
47 -80
-54 -86
25 48
31 49
-48 -15
28 -52
90 -56
-6 -95
52 6
-57 35
-44 -25
-2 65
23 -11
86 -87
-87 -27
-75 60
-57 -79
74 18
69 -46
-34 -79
-10 44
-31 -71
89 14
-66 40
70 -23
-76 -75
2 22
40 76
-90 25
89 -77
48 64
33 91
85 -43
9 4
11 25
25 51
-31 44
80 -43
-43 65
47 77
-59 71
-98 -6
-58 -8
-31 -48
-83 -43
-74 65
71 59
6 5
-85 -86
-92 -23
39 33
78 58
-73 58
65 -16
22 11
-89 13
-69 64
-94 -27
-45 -25
-24 -28
-18 2
88 -48
-90 -7
58 77
7 16
-97 96
100 81
4 -74
38 -32
-40 -41
30 -29
23 61
-66 29
85 -10
-96 -40
12 -14
12 -1
-11 22
42 97
-2 99
12 1
45 11
-18 -52
-13 70
16 48
80 -55
69 2
57 54
-70 41
94 -66
51 5
-29 -38
55 60
34 -54
56 -68
-55 -33
-17 90
29 15
-63 66
-15 3
-37 -86
49 -68
16 -45
36 46
46 29
31 -4
84 -99
8 -12
11 -59
35 -34
-77 80
-17 -43
19 62
72 6
28 -94
-92 91
-80 7
73 36
62 8
-68 7
-64 13
53 71
14 -40
-42 75
-48 93
-60 -25
22 23
32 -60
-15 -46
46 63
-40 5
53 -69
62 26
17 24
84 49
81 71
-89 -16
41 -25
-6 99
-51 46
42 -11
72 -37
63 -47
4 98
7 100
60 18
4 12
-1 -84
88 -85
-10 72
15 -30
-8 26
4 -68
81 -50
-6 22
40 -35
86 -48
19 -61
-51 76
-62 -92
20 42
9 -42
58 99
80 -28
-82 -29
48 -27
-47 49
-29 -67
100 65
56 -11
81 -9
41 -1
30 90
-76 18
98 -32
61 -33
-91 -81
-25 67
68 -46
89 37
-25 37
-91 28
-15 -70
62 -66
45 -33
-27 25
58 -87
74 -63
53 99
68 -75
-65 93
93 54
-53 31
-10 22
-33 -51
-50 3
-71 62
-13 74
-72 61
-51 36
74 73
73 -23
21 -73
77 37
-57 -6
63 -71
-13 5
83 -16
86 -78
-95 -47
-79 -95
6 -50
17 93
74 45
53 73
-20 -23
46 -98
4 -84
81 -20
54 -77
25 -34
-98 62
21 85
-55 6
57 -100
9 78
57 65
78 -27
58 52
-82 -40
-26 -52
37 -81
-99 -60
-64 32
-29 40
55 96
56 58
7 -24
-8 52
32 100
2 92
27 -42
56 -45
32 -37
24 -70
-2 -90
-50 -51
-99 -64
81 -78
26 -14
68 -19
94 -26
57 -65
-75 -62
-66 27
80 12
67 -33
49 23
17 -78
53 65
-67 53
-86 85
39 95
-94 -36
-20 74
45 -77
-53 -49
-41 -78
-10 -7
-1 -31
-96 -66
55 21
-49 -46
-57 18
-24 97
-17 -41
-1 -3
-57 -62
-59 -51
2 -28
73 -53
-5 70
-2 54
92 38
98 -59
58 52
-25 12
-27 -23
66 16
95 93
-38 -23
-49 62
74 -5
50 -85
-6 -49
-63 -83
-52 32
87 -3
-64 29
85 -67
70 42
85 -56
-96 -93
21 20
24 -34
12 36
43 14
-53 17
-92 97
-18 -48
99 -31
-81 97
-100 -94
-57 -64
-15 -72
-81 -46
20 55
-52 24
62 20
95 -15
86 6
72 28
70 -82
95 78
66 -74
81 14
-5 100
10 -4
56 54
-18 -60
82 -48
-6 -49
-94 -7
76 68
-88 70
-97 98
-25 96
93 -30
23 8
-4 -47
-79 42
-97 32
-63 59
-65 -31
50 67
21 -57
-83 27
36 43
-55 -2
-38 -52
-55 -62
-78 21
-67 65
91 6
-27 -64
10 -6
78 13
76 65
-79 61
85 71
27 -45
65 45
33 -50
-63 78
-75 94
38 -53
-36 21
62 -96
77 -66
-59 -14
-21 69
49 -96
-16 71
66 -32
-9 -8
-27 -45
87 -95
-44 75
83 -96
-26 -93
48 -89
-96 -88
32 67
-84 8
51 -93
45 80
27 -7
85 61
-87 50
79 5
92 -49
10 29
-43 66
3 -61
20 27
98 -82
38 52
18 47
27 -81
55 -79
99 -69
15 33
92 -22
-68 70
33 -76
-80 -57
3 -73
59 56
-33 -71
-18 -86
98 70
66 78
89 -66
24 -35
-97 -72
-13 -99
-41 52
35 -100
80 67
70 13
6 94
68 -36
-1 85
-57 31
49 -60
-83 -62
-1 -8
-46 2
20 41
-47 30
-58 38
30 -79
-45 -50
34 96
41 90
40 -42
-46 89
-57 -53
20 92
-12 70
-44 -45
59 5
47 -88
57 -83
3 61
-3 45
-2 -74
16 53
-74 -100
-1 17
90 89
76 94
77 69
-59 -54
10 -21
-84 67
-16 75
-79 82
87 29
99 -61
-11 -5
34 87
-29 -51
-10 -52
-51 39
15 90
-23 -10
83 -47
-42 74
-98 -34
-15 -13
-60 -44
-32 77
85 -84
-85 -27
-39 -1
-90 -18
48 -50
-20 48
89 96
37 -35
-15 -31
-32 -6
94 18
-38 96
84 -3
-68 74
50 38
-34 15
61 -23
-87 71
60 12
71 -61
-41 59
-66 46
74 -30
65 93
64 58
10 76
54 -6
-78 86
-33 75
-64 68
-38 -48
-68 -77
30 -54
44 -61
8 15
-72 67
-77 -87
-38 48
-17 -74
40 97
85 -51
22 -12
-7 44
-27 61
-32 -41
-22 31
12 10
4 92
6 -53
-70 -87
12 -92
30 36
-79 92
-67 4
69 73
-50 3
91 -35
-35 -87
76 34
-77 -97
-36 35
13 18
-24 -81
65 -44
-68 -73
-36 13
13 -14
40 -78
-32 91
25 -61
12 -35
-46 78
-71 80
11 -48
83 25
37 -4
-58 -88
-35 57
-82 -53
84 -18
60 -54
68 -86
92 -42
-64 -41
99 12
-51 10
27 3
-63 56
-67 -2
58 -85
-78 -6
-39 -36
-44 26
72 -26
74 55
7 33
-99 -26
47 43
-18 34
53 -20
96 -99
91 -28
-46 78
79 -13
-24 36
-47 -2
81 14
13 -64
-60 -16
-39 -87
89 68
-4 40
92 94
-17 -26
-23 86
54 -78
87 -6
-6 91
-72 -2
59 -19
46 39
95 -42
25 -66
-8 86
98 -19
3 -56
-80 -5
-63 -47
69 14
-62 -28
36 75
67 -71
66 89
-48 94
-64 -90
-76 82
-1 -82
-60 -77
-97 32
60 51
63 -38
95 84
7 -69
87 -75
-5 -75
-2 -70
50 -86
-90 -35
53 -88
-92 89
73 -68
70 -29
-99 60
-56 55
-8 -97
5 -96
-84 -50
88 23
-19 25
-1 27
50 97
7 -51
61 17
15 13
-21 23
1 -49
56 -80
-28 57
81 -33
11 -78
-80 66
-74 -64
-85 65
10 -53
-11 -92
74 89
55 -20
-63 15
48 52
-73 -74
-25 -22
-72 81
-52 -50
-13 79
17 98
51 38
13 28
74 29
-58 -67
76 31
92 -1
-31 46
29 -44
-90 -24
-92 88
-47 -67
-85 -19
64 -36
31 -50
93 -52
-53 44
36 60
-29 -41
-62 13
-7 64
94 -66
31 42
-32 41
-83 -74
29 -80
-91 44
1 73
58 83
-78 51
-6 16
30 15
75 18
-73 -83
-18 71
-98 -6
83 33
-65 -100
-27 -97
78 -99
-77 87
-4 -25
10 -47
-93 32
-97 38
2 -3
-47 82
-89 78
-1 89
46 81
9 48
-75 -59
-20 -90
-58 3
-87 -81
5 88
56 51
-88 -35
-97 -81
48 -93
57 100
-46 60
81 -84
-13 -21
-96 -68
-90 14
30 -65
5 60
96 47
-37 60
16 18
47 -78
-82 59
-13 -79
28 85
79 -16
84 -67
94 64
-51 -20
94 -97
-37 -97
-33 43
89 73
-47 84
-31 16
43 86
84 -61
58 -99
48 -56
73 -25
80 52
9 63
85 -48
-23 84
33 -30
87 46
-27 -46
-12 -39
-74 41
95 -5
-94 -12
-70 40
-23 88
-9 -75
83 -36
-50 62
66 10
62 51
-17 -6
-80 -31
90 -57
-27 -22
-46 -1
-82 -51
45 76
-13 75
15 64
13 57
39 -5
-80 90
-94 36
-1 -70
-65 -90
82 18
5 52
37 -6
96 -90
22 100
-41 -9
99 54
-34 -15
-21 31
-51 92
-13 38
-64 -43
27 93
43 76
87 -97
-55 -59
6 83
-15 -49
43 -93
-50 52
-2 -51
6 14
34 85
95 33
26 -68
-29 62
-61 48
4 83
24 26
-20 56
1 86
-12 86
-64 81
93 -14
32 -60
-15 -63
4 70
72 -51
-48 -3
-19 -27
-92 20
-79 12
-48 -5
-62 63
55 18
-32 -45
-47 56
-60 -11
36 84
25 -83
-77 61
-95 -22
30 77
27 82
-76 58
-45 -68
-23 -74
-5 -20
21 -17
93 -75
51 -40
-20 -97
66 -30
-58 -49
-47 17
-32 -73
-23 -27
5 -94
-50 82
39 -76
39 94
-94 66
-81 1
-55 -10
84 88
15 -16
98 45
-13 63
-86 -21
-87 -32
97 -68
-5 -77
5 50
-70 5
-19 69
29 -81
12 36
85 -19
87 81
71 21
68 -65
-96 16
80 -58
-22 94
21 -58
-89 -33
-26 -44
-9 79
56 -29
-66 -64
-61 63
-45 1
-52 91
82 -65
71 2
56 -12
-13 60
54 -84
-99 -68
-91 -27
-76 72
40 -2
-73 81
-74 84
-49 -40
70 -60
-77 -75
41 -29
66 -28
-44 -14
24 -89
24 -90
-74 23
-40 87
46 -16
58 -14
82 35
-34 58
-82 -62
8 92
-87 100
-88 29
-29 -31
-86 96
-20 38
56 52
66 83
-25 -75
19 -80
9 -74
-44 -60
11 -27
49 80
41 67
68 99
58 31
98 20
-41 -81
89 -77
65 -81
11 20
71 -23
-48 96
-48 71
67 12
47 73
2 -42
-55 -50
88 36
-84 55
35 24
-65 -18
1 83
-33 -35
-99 78
36 73
-96 88
18 -43
9 -16
69 -45
-43 -30
-37 -48
21 -50
89 -13
55 -27
62 90
55 -95
-67 -94
88 -50
-79 40
-72 57
-38 83
-5 80
-61 -97
-86 58
-92 -29
79 -28
23 -1
-28 -39
36 -73
34 -3
-84 -61
-48 -100
-55 91
-50 -84
30 -72
74 92
-89 -32
21 -50
-79 35
59 -71
56 37
-49 -21
86 24
40 21
51 -76
69 17
-37 -80
17 -42
-90 18
-26 40
46 98
-19 57
-85 53
58 -64
-63 16
-84 94
-48 -83
-28 88
41 62
8 -59
36 -24
9 99
-3 76
-94 -43
-7 -69
48 -61
-72 79
96 95
31 53
81 69
-82 97
12 -80
65 34
-93 -45
-5 16
-3 82
42 56
80 89
31 37
-54 -76
68 44
-37 46
22 -92
40 -47
12 -29
72 30
-83 -17
51 82
67 58
-63 -89
-77 -16
93 66
-61 23
4 70
44 77
-57 -94
22 66
66 -88
69 -23
-17 40
-94 -50
73 7
-68 39
-35 -81
-47 -7
54 -8
-85 -42
-89 -26
58 56
-50 -99
12 22
67 -23
-16 35
4 17
-76 11
68 47
68 50
-65 83
69 35
-73 75
-37 -58
-68 -76
-34 91
30 -34
42 -58
39 -42
-31 -78
93 74
-10 67
-66 -43
-37 -99
-94 -2
85 25
83 56
-4 -90
30 59
-98 13
83 -81
-47 13
-65 95
5 74
-48 24
47 95
-3 -64
11 -19
-7 74
-67 -51
-29 68
24 -97
23 -81
64 -98
28 17
15 -40
36 68
23 21
62 -73
-5 64
52 -59
8 99
-73 -82
-70 -30
92 -37
19 -88
81 93
-84 3
-89 80
5 -11
-4 -80
49 82
38 -28
3 -50
-1 48
-87 -100
39 22
50 66
40 30
-65 -18
93 4
-6 73
-4 -40
-75 -43
-60 -20
46 -14
-50 -6
-82 89
16 -29
-62 -85
-82 -49
66 57
23 -35
22 -87
95 7
-5 37
-90 39
-41 -44
100 -16
13 90
15 -92
-75 65
-48 -57
53 69
-36 91
84 -18
93 -1
-62 -35
15 10
-22 9
67 23
-54 77
-88 -45
83 -89
-10 -55
51 -96
-47 26
69 6
20 22
-26 84
-38 -93
-34 -46
-44 -46
-30 71
15 48
-20 -19
-79 -24
-92 -67
31 91
95 -80
87 -5
75 -61
-80 44
-5 40
-85 69
-26 -23
26 -10
-18 83
44 52
53 -92
-51 83
-10 -80
-92 -52
-47 -10
89 98
-40 75
-8 -65
65 13
79 -41
-98 44
-72 -74
-80 4
16 -48
-14 -40
54 90
-32 -97
22 8
74 31
56 -73
71 -5
-76 -70
-31 17
-35 -67
80 94
-7 32
37 -29
59 8
75 -76
60 -89
-16 14
51 3
-33 -28
61 -60
53 -33
-83 23
62 93
54 81
-41 69
-86 89
63 -43
20 -51
-22 -72
57 -98
-47 -33
-87 -13
81 64
40 98
87 -49
88 39
18 56
-38 -71
48 66
-91 -94
34 74
95 -54
81 -36
-4 -42
-57 -48
-39 -4
19 -76
33 -51
89 -27
97 75
24 35
13 -59
-10 25
-80 88
-10 -71
44 -76
54 -12
-80 34
2 16
93 45
69 -97
-60 -63
-73 74
-63 66
97 -67
40 20
18 -97
11 58
-22 31
45 69
10 -62
43 -37
26 63
98 79
-71 40
23 48
43 64
85 70
-13 72
36 -17
56 -75
53 -27
79 -37
-69 -43
44 26
76 -47
15 -32
-33 91
81 -86
69 -91
54 -8
7 -4
-95 -8
-85 -58
-87 1
-25 69
-23 -73
-58 -45
-60 -77
-38 84
-1 88
-95 -97
-96 37
-83 73
-4 71
-86 -97
-84 -81
-55 83
-39 -42
-17 36
-73 60
13 -81
66 53
93 78
-14 -9
16 -27
5 -29
-24 -41
-93 -56
82 -46
-86 97
-43 82
66 2
64 78
10 97
7 77
6 -28
-21 -2
100 66
90 -35
89 -56
37 -86
-47 -6
-42 -66
48 -77
-70 -96
-96 47
-44 68
24 67
64 87
-47 -30
13 60
-8 93
-43 -58
58 97
7 -4
91 94
10 -57
-12 19
-22 86
41 -4
-96 97
-87 28
13 27
-35 17
48 78
-24 -61
20 -17
-69 -73
-70 -11
23 -80
-68 84
-36 20
-48 42
-44 94
100 97
-61 55
93 -48
-68 -44
79 -3
73 26
-75 99
16 45
-19 47
73 11
86 -55
-18 -82
79 46
-12 -70
-63 44
74 -64
40 -88
41 -17
-36 74
39 -57
-30 -39
19 -55
-41 -66
91 -10
32 13
-99 17
8 -67
-15 -13
79 74
17 -85
17 -9
-99 -93
3 43
-10 18
-34 79
61 -14
-61 -71
32 -52
-36 -28
38 46
35 -11
-38 -58
22 -2
-29 97
-35 38
-13 -33
-5 40
60 35
-43 -75
13 68
11 2
98 -58
50 -89
-36 -12
57 99
77 69
92 -1
-34 20
49 -13
-34 -86
76 53
-19 -30
-57 91
-85 -32
-82 26
71 66
19 -30
77 33
58 -17
32 -15
-49 23
34 -32
93 -18
55 -41
-4 -20
62 27
1 -96
17 6
-45 -18
24 -77
59 -56
89 -73
60 -78
98 -59
7 -52
14 -60
16 7
-27 -79
16 19
-49 -73
-54 52
83 13
-93 -63
96 32
-90 54
76 99
81 -60
13 -10
-37 -40
32 70
8 -55
61 75
2 -67
46 68
52 97
96 48
-1 78
-89 6
65 -94
-63 75
10 64
23 -60
-97 86
30 -84
-55 -39
37 3
-43 -3
-23 9
-20 73
-23 82
20 -78
-20 -82
50 -9
24 -36
-3 12
-62 57
-25 11
97 -72
-4 26
-55 41
38 82
-57 45
-72 -29
-47 8
-57 -20
-61 63
-48 19
31 -99
-91 -45
-35 -44
67 -47
-88 92
64 59
70 -41
-15 65
50 73
-4 94
17 24
-36 20
82 -43
51 -79
71 -98
-10 1
6 -81
6 -78
-77 19
64 87
-23 34
97 12
-52 46
-66 45
39 1
-32 53
-79 -100
61 72
72 31
24 -39
82 -22
11 -62
-2 -83
-40 21
36 -76
-43 63
8 -47
-75 56
50 -41
61 19
42 32
19 2
-47 -10
83 77
1 64
-45 -88
52 3
-71 -88
74 15
87 81
-23 -56
85 2
100 34
12 -50
72 -78
69 13
54 -63
65 -94
-23 47
33 78
-39 38
40 -88
-60 69
75 64
-17 11
45 11
55 29
63 5
-38 -76
55 84
-54 -27
-53 50
-40 62
6 37
9 -61
-36 20
77 -96
-18 68
23 -43
31 57
18 -25
-83 -27
54 80
78 66
55 -18
50 -100
55 47
51 -86
8 -44
1 67
-55 15
-64 73
40 93
26 -80
-1 -57
-4 16
16 100
-55 -57
66 100
25 15
51 -21
-89 -49
-57 -31
-43 44
-64 3
-41 -28
-25 28
91 65
-30 -34
85 69
10 -70
-16 76
-70 -20
-81 96
-21 44
-40 80
74 -79
-70 -84
-10 -12
11 26
91 20
49 -85
-53 -11
30 -32
56 -36
-64 -85
-55 -29
91 -25
51 60
4 -70
60 -73
-49 90
94 41
-73 4
-83 68
-77 16
33 -79
-96 -38
-11 10
27 -25
25 22
46 -34
97 -54
-75 67
-74 -21
47 36
6 98
-12 3
54 -45
-30 28
71 -97
49 26
-35 88
-65 42
-38 11
-37 -92
27 -91
-96 52
26 -70
82 -28
66 -63
-81 -59
-13 8
44 -59
13 64
69 -66
67 -33
60 83
-46 45
-26 -34
-95 38
-76 32
-3 -71
-66 74
-91 -85
-55 26
-98 -35
67 -10
23 -40
-19 -65
-77 100
-31 41
-84 79
23 -80
24 97
-14 29
-16 11
-89 32
40 -55
5 49
-90 50
-26 -88
65 91
-48 -13
-100 -17
-27 75
-68 42
15 99
21 88
-82 95
34 5
-27 69
-85 -16
29 55
-97 -11
4 -72
-48 -81
-82 -46
6 70
-12 79
44 20
-29 -92
-31 42
96 -13
36 -21
-53 57
-7 47
-89 72
1 -85
-89 56
-57 -37
75 -89
17 -70
81 55
60 -26
-25 81
-18 -6
22 -73
81 -93
7 23
-85 4
-71 -42
-49 -59
81 2
-94 92
-93 100
-46 82
61 21
63 42
-24 -28
66 1
-48 99
95 74
-75 25
81 -18
-53 46
87 -73
-96 88
-82 35
-11 -76
26 -53
74 30
79 34
-100 41
-75 -24
-88 92
27 -86
90 -29
38 65
97 -32
98 94
-86 84
-80 69
21 -62
3 60
-88 79
-94 86
8 86
-30 8
-24 -5
35 -61
-64 -89
-47 76
-67 92
41 -71
-91 38
73 74
-29 44
32 95
1 45
23 -42
-20 81
-57 50
-61 19
96 74
8 82
35 62
58 68
3 -52
47 12
86 20
-14 -94
-87 78
48 45
23 99
-11 -55
-44 20
-74 -51
-81 -35
19 65
89 -74
47 -27
88 4
-59 -60
52 88
3 -13
-43 39
-57 -30
16 41
-85 89
39 -46
85 46
24 61
95 44
-75 13
8 64
40 -96
-64 -23
-42 -73
18 -91
66 71
-54 -78
9 -11
-57 -76
80 -42
64 19
-38 48
-86 87
8 59
30 -17
-28 88
97 62
93 -68
89 -50
-90 -44
-90 76
-74 -94
98 35
-54 -60
10 -75
-52 -27
-6 11
71 8
-53 -22
-33 77
14 7
-100 -44
39 89
-43 -1
96 -83
-26 -79
-77 -78
7 -31
-38 67
-5 -39
90 89
22 60
-3 69
88 14
-5 -2
-98 -92
-96 -98
-35 -7
41 -28
93 36
-11 -84
58 12
-62 -86
32 -49
81 -74
12 70
65 -67
-21 -89
-99 -34
25 -4
64 -23
-46 18
-21 -31
61 71
41 53
6 80
70 -87
-8 58
-73 -77
-92 58
100 20
27 64
3 56
76 -46
-79 -50
28 55
-98 57
74 64
27 15
-34 -67
-6 86
-54 36
44 -76
9 52
82 8
-78 -41
-78 25
-86 98
80 87
98 -71
21 25
84 24
-18 58
-13 -92
-78 53
92 -34
-11 89
-98 -68
-88 -39
84 44
70 -95
53 92
-19 18
39 -90
4 -14
-61 75
-89 74
-2 -57
31 35
-49 3
-62 94
69 27
82 21
9 44
83 -8
-13 2
-52 91
-57 29
8 82
39 -89
-33 78
86 -72
51 -66
-29 -69
19 -27
-16 7
-34 -47
84 98
24 -8
41 -44
85 78
58 83
68 -100
11 -25
32 100
-64 50
27 73
28 -72
57 100
-91 -75
-78 -6
33 -62
-3 16
-65 71
59 76
-73 43
3 85
-25 -29
36 86
-4 -33
35 -17
67 -39
-45 -5
-61 62
-6 -51
87 -34
-7 19
4 90
86 39
60 44
-36 87
-64 17
22 11
88 -43
-54 -66
-26 81
17 -59
92 72
36 82
-17 -71
81 -31
-55 -27
89 49
-88 24
-63 72
-33 -49
9 3
68 81
64 56
-63 -91
90 11
40 -44
52 31
78 -13
-38 -40
-34 -58
29 -39
15 -33
-91 27
91 -54
-51 -43
-3 8
10 -35
-12 -27
71 -25
-68 10
86 72
66 -12
-47 -7
25 15
53 42
58 -19
-98 -78
-1 63
50 -11
-92 49
-3 -44
-44 57
-29 44
-70 -59
69 -38
51 54
85 -34
92 -63
59 -33
52 -39
-92 -41
-8 61
-18 91
23 82
-20 -18
30 27
38 36
-17 -92
-71 -37
100 98
1 -40
66 -7
-3 -26
10 99
35 18
-92 -74
-72 -60
68 52
-79 -53
-67 1
24 21
87 -94
29 -85
-30 28
-88 46
78 13
-95 -7
56 -48
67 -85
-50 -49
33 -42
-73 12
-2 95
-37 -31
92 -54
20 15
67 6
-28 -55
21 42
23 -17
47 -58
93 -48
-6 9
-32 -6
60 51
3 37
-38 51
32 -25
-80 23
21 -10
89 -63
47 -40
-18 -33
52 55
1 89
-96 -53
81 97
-51 -76
5 17
18 -86
-32 -80
52 -20
72 -67
56 42
56 -74
82 -6
-36 28
46 -45
-99 -54
94 -95
-57 24
53 -8
48 -43
60 -34
-78 -73
-64 24
-43 58
57 -88
-51 -38
90 -69
57 -47
9 -40
-1 -46
-34 -50
-50 -91
-44 -7
34 -92
36 -19
-85 -5
-3 88
-28 34
11 29
-59 -33
-8 -9
30 -19
-28 -64
-16 81
-54 83
86 12
84 86
22 -61
-71 -95
98 65
-14 -88
-91 84
-100 -19
-33 11
60 8
29 -49
49 -92
-18 71
-56 66
2 -10
-1 -13
53 -18
-28 -76
21 -49
-71 18
-85 -35
-20 -76
99 -70
-45 -35
42 66
24 -80
67 -28
-72 -51
94 -78
-86 -5
-38 13
32 65
45 54
89 -85
-95 68
33 -80
84 64
96 82
94 -100
-53 -15
16 71
5 -17
93 -17
32 36
5 -4
-70 18
60 62
-18 4
16 -79
20 -29
89 -98
-9 72
16 -64
4 10
88 51
45 3
-29 -100
36 -87
-17 -83
50 39
14 30
-94 -77
-8 -12
-23 58
9 97
-72 -52
50 -31
70 -35
-44 -27
25 -57
74 -30
-4 95
-80 83
-92 -47
100 8
42 -37
-63 48
-14 -21
-64 -5
10 -86
43 -91
-66 13
-25 -10
36 50
-17 10
70 79
-46 90
11 -38
-57 11
20 85
74 8
33 -90
87 19
24 74
-87 -67
38 57
-57 72
-81 -32
-39 5
68 44
65 38
-27 -81
-23 84
-69 -30
-56 52
-95 69
-41 -12
79 96
-94 2
19 70
-15 -43
-24 -22
-72 -5
-4 -60
51 -36
34 15
52 -94
34 79
41 66
-51 35
-33 -46
3 26
-8 -19
-29 -2
33 91
-33 69
-53 44
-54 -75
89 -7
-35 39
7 100
-96 -42
56 38
87 -54
-47 -65
82 20
-61 -16
96 31
16 -83
79 99
-93 97
67 -96
-10 64
-71 -22
-44 -5
68 13
-56 22
21 100
-91 7
-54 -37
-7 78
33 -18
-89 -21
64 27
-4 42
-24 3
38 93
-43 78
56 -14
-94 62
31 74
-26 75
-55 45
25 -46
-48 71
17 45
48 -50
-74 9
-21 90
87 75
-18 -38
-73 70
-46 -16
48 61
70 54
-28 -49
-23 -3
-75 22
-59 50
76 -7
-30 -57
88 68
-57 65
-23 22
4 -37
-4 86
-25 23
6 -21
-94 -47
-61 26
57 -38
77 -67
59 53
5 50
-48 -70
94 -27
-27 81
-60 16
-5 -33
-63 100
-20 -17
85 55
-95 -10
85 62
-7 74
-12 -51
-65 -86
-68 44
17 -13
-6 70
18 -63
-58 91
-83 -68
-43 13
-38 30
28 -54
-15 33
-13 -31
-55 30
93 33
30 -72
-3 12
22 -86
100 -85
34 17
-98 76
-43 -80
-93 -36
-17 -43
9 45
88 -64
41 -78
19 78
-59 64
8 -67
-54 -63
-89 44
49 34
8 -2
-1 -59
65 2
67 -78
-28 24
-14 5
82 45
-51 19
81 40
-9 -50
-87 76
-35 -90
-88 -23
4 11
61 -89
-91 -41
-98 74
11 69
46 83
-8 83
-13 -77
27 -14
-74 83
8 -6
-36 -29
-31 30
57 35
42 17
-4 1
76 -2
-75 -13
-84 21
-81 9
3 -43
32 81
43 -76
89 19
57 -4
-88 -79
17 -69
1 49
-38 -43
-67 55
24 30
-95 -1
-73 81
36 95
2 6
3 -96
63 85
35 -45
59 23
75 16
69 37
-13 -14
19 38
85 31
45 -83
-15 -32
-3 -59
17 -25
-79 -97
-31 23
9 22
-22 -79
6 -88
-24 -85
36 -100
31 -46
-12 68
40 -94
-45 -26
37 100
-58 73
-83 -11
64 -16
64 85
-13 -68
-42 46
54 -14
67 -90
-2 -57
-75 84
94 6
-62 -19
-77 28
-63 -22
53 75
-73 45
-3 95
-67 -40
-22 98
95 66
80 -48
11 -16
38 -22
-6 87
-29 19
20 -36
75 58
-4 98
-64 33
-75 89
7 -98
-17 54
97 16
64 -26
13 59
-61 -57
61 1
27 -51
29 -80
-65 100
-11 5
-87 -37
-37 9
-90 -51
-58 -65
88 -1
-63 -30
-97 -67
86 67
-43 -51
25 -3
-8 -64
48 -82
-15 -24
89 -30
-25 -23
75 -62
40 88
-64 40
35 74
-62 22
-57 -59
5 80
59 62
79 -17
-92 -30
19 56
-62 54
-69 -74
-77 -44
3 99
-55 93
86 93
-8 73
-18 77
46 -30
-2 40
12 -98
19 -80
64 -3
3 23
17 73
-22 55
-24 -40
-34 -67
-52 11
76 -67
-47 -33
56 35
-57 2
-95 -9
-59 -33
-57 10
-13 57
57 40
-21 -27
-38 8
78 39
68 8
-62 84
-9 -64
-55 -84
-31 -2
-17 -75
84 -24
-23 89
17 -32
-95 60
78 -8
82 96
7 95
3 -16
33 -80
42 21
54 83
57 99
99 76
-3 -69
51 -20
-43 -73
-82 74
-55 -77
33 -78
-35 -52
-44 -54
94 63
91 -54
-54 23
-84 38
94 71
-30 50
69 -32
-24 -35
-51 -74
-5 6
-96 13
-21 -51
-14 62
-28 51
-90 28
48 54
-59 38
51 -13
-89 67
76 -96
37 96
5 6
-36 81
21 -37
-94 -84
70 -90
-21 99
-40 66
61 -18
16 21
60 -87
-26 -100
2 -76
-62 13
42 64
17 -22
59 72
84 73
52 5
-64 9
-29 56
19 50
54 29
15 14
61 82
85 -29
45 -91
-79 -54
84 -41
9 25
73 -74
-97 32
98 37
-59 -10
-92 -38
-55 -23
63 50
57 -73
-87 -33
-92 99
38 4
-93 60
69 -91
16 -8
-65 -31
74 83
-95 -73
-68 98
18 -60
-41 13
-32 -79
-88 75
-51 -74
-59 -93
-76 80
-39 82
-11 62
72 -93
71 -63
-51 56
6 -78
-50 21
-41 18
11 18
81 79
-10 94
3 39
-81 45
-4 94
-26 58
25 13
19 -54
-30 -61
-16 20
95 40
42 -18
-99 92
-98 -40
9 -36
29 -10
93 -82
-67 -4
7 -48
-60 53
96 -36
10 20
77 79
66 -54
-83 100
66 -89
-10 8
-56 -9
-51 97
2 9
-40 -70
49 -47
99 82
-1 -45
84 39
-93 29
-98 -32
-52 29
97 64
75 -86
14 -9
76 -97
99 70
-56 98
67 46
6 -74
76 -96
-71 24
86 28
79 19
-84 87
-53 69
-46 -55
-3 -50
-91 -78
-86 -27
13 41
-74 -39
10 -30
-42 -24
-84 15
-47 42
19 -18
-34 -45
61 95
74 27
81 -79
-4 85
-34 93
86 -75
65 50
-52 -23
-10 -26
38 51
45 97
77 11
-39 -71
-98 30
-38 -82
85 73
-87 59
-1 44
30 95
29 46
38 -36
22 2
64 70
30 -96
-56 -33
55 39
-87 31
-51 -76
11 -49
55 23
-80 39
-5 -67
-53 94
77 27
39 -45
-27 -74
19 95
-22 -67
64 -93
-63 58
-75 92
-4 -62
-28 -5
-37 83
-3 -83
-45 17
6 50
-6 -24
-70 83
32 -47
-92 -100
98 -64
-67 12
-56 -30
-89 16
-43 -66
61 20
67 -43
-13 -78
24 94
72 -77
-53 -85
98 82
-19 56
32 -22
93 16
90 -64
36 -91
-45 -2
25 12
32 -15
83 -2
-7 -31
20 -84
-88 -58
91 -41
-43 -60
-13 -95
-79 68
61 3
96 53
-82 36
39 5
45 44
-98 -81
-44 34
-46 -62
-69 47
-43 2
14 -30
-6 4
-21 51
44 66
6 15
-17 -83
-83 -71
20 87
65 -41
-59 9
-98 -57
-22 -92
27 32
97 8
-21 -46
-91 43
-26 3
-54 53
-96 40
-31 -40
-46 2
-23 -79
-19 98
58 -55
-44 99
4 -92
92 82
68 18
-36 64
-74 -7
68 86
-65 92
-61 -69
45 -57
71 64
3 75
-85 31
46 -3
28 -46
-8 34
-48 47
-8 95
28 -41
-38 42
74 -12
-66 41
-76 -81
33 -37
-50 -73
-44 71
41 9
-5 6
-61 -59
53 17
-5 -55
-50 -3
92 43
-9 -31
-99 54
-89 25
92 96
-84 66
-85 -1
79 -35
-24 85
87 -84
-6 -19
-28 -17
22 -75
-100 67
-30 -100
-36 -89
43 5
-20 -5
-92 -59
70 -100
-63 86
16 -48
-16 -5
-33 60
-21 -47
26 23
35 99
57 -94
74 7
24 94
7 88
-96 -100
-58 -66
-55 -49
-74 -86
-99 -37
-100 -33
-35 -66
62 32
95 92
36 -30
14 -80
-82 -30
-74 92
77 50
85 -66
-13 39
-66 -20
24 -71
-19 50
-57 -68
-88 94
-1 -73
-72 -39
59 73
-48 -56
-58 16
-36 -39
87 -59
-98 13
41 38
-3 79
-24 31
-42 100
60 39
-1 54
71 11
47 -81
-12 75
-20 -53
47 -18
-59 40
99 6
-100 35
47 53
-53 -63
-10 45
-85 17
-75 -27
-34 36
62 66
-11 -18
-74 86
2 15
61 32
12 -43
-86 53
97 63
-92 47
-3 55
93 40
89 58
-44 65
82 -27
89 39
76 -86
24 -73
-21 -66
59 91
-8 23
-6 -12
-15 2
86 82
-93 -15
-74 50
-76 -86
7 -69
79 -12
-46 -72
82 -58
67 7
-44 -59
34 -14
-75 -58
-24 17
16 20
56 -100
73 -9
33 80
76 59
-21 50
73 36
31 2
-76 85
30 56
-74 -3
-88 -67
-12 46
-31 13
38 -5
81 -47
-85 -14
-96 88
77 37
17 2
-55 96
-99 -83
31 33
19 5
-33 100
-90 -56
-4 -78
-73 34
18 -4
97 -44
91 27
-41 -95
-88 -37
43 39
50 -41
91 95
-96 93
63 36
25 -69
91 92
-70 -99
86 -24
74 -88
-91 -8
8 -94
-2 -1
33 57
-46 -4
71 98
85 20
-94 76
15 -89
68 -73
-3 -8
-42 -13
-67 -11
-12 70
65 -38
82 25
4 -10
-19 -99
39 -87
8 43
-41 -22
-10 -56
99 -3
70 -37
-42 37
-10 55
79 48
-59 62
87 -20
31 52
-8 13
-24 96
53 57
47 -59
20 -46
84 30
33 -26
24 -19
21 -7
44 79
80 -67
33 58
31 24
-31 18
-97 -100
-81 -55
-37 -55
91 -85
52 37
-94 -79
92 90
51 -26
-87 -76
55 34
17 -52
-38 -4
-69 45
-97 62
-31 -27
-71 -78
-77 -52
-32 -14
-57 -42
-49 95
46 -43
-84 -13
97 17
61 -90
42 -35
-6 -42
13 57
5 -6
1 -42
-45 20
-19 -65
43 4
-67 61
90 -23
69 91
-29 14
-53 -63
51 -56
55 -39
-96 -4
26 -2
4 89
-96 59
-18 6
-83 -12
76 -2
23 18
53 56
-22 -8
83 98
-17 -46
11 -20
-59 -38
-26 96
-27 -22
-59 100
27 -4
38 31
-46 71
87 -79
-42 63
-30 31
-70 -78
-64 -41
14 -81
-44 47
-77 67
-73 -36
79 1
-90 -48
30 -49
-99 -44
-3 -11
87 52
-41 24
23 -33
-14 93
98 -34
65 -66
25 -21
-97 81
-75 -74
-2 -98
-10 -74
-46 -50
-72 84
-48 -71
90 49
-31 26
-50 -22
-51 74
46 -15
16 43
52 -19
27 -74
60 30
-93 35
6 5
-12 47
31 42
97 60
-25 -52
39 -36
48 58
40 98
-64 40
21 82
-76 -63
18 52
53 -73
-69 10
12 38
65 100
-16 -55
-9 -20
55 66
-21 -56
80 -74
-99 -30
74 -63
-91 -5
69 84
-18 -57
-40 100
95 63
77 76
-28 -12
13 -64
-12 97
-69 29
-73 87
-5 -44
-70 -76
-18 -69
-6 -95
-81 -47
-63 82
81 -3
31 25
-41 7
1 -19
96 -87
17 -67
61 -2
62 88
-16 -94
94 14
82 -25
-4 -25
-20 -35
29 31
-48 16
-38 -67
-88 44
58 -79
-50 -92
2 96
-78 69
-72 33
-34 41
-30 51
-3 -37
-86 -22
38 -40
4 68
25 83
-52 28
-2 -39
11 -40
-96 -82
-19 -46
-73 83
-100 -51
51 79
32 67
19 -99
-33 -84
-36 -18
-56 52
-8 48
-31 68
30 18
-5 -73
29 -95
-63 33
-77 18
37 -50
-50 37
-51 -100
16 81
18 85
32 85
51 96
-84 96
-3 9
43 67
-24 -27
-66 21
-50 63
26 -12
-55 -1
56 82
19 -1
57 -66
-70 -26
69 62
-41 20
8 -25
15 -96
34 -43
71 60
-20 55
-20 -19
17 56
19 62
-45 -26
-6 5
-20 -88
-97 -63
97 -67
-39 65
96 -30
-16 -47
-4 99
-43 -71
-94 79
40 -64
33 -81
17 -100
76 -65
12 81
-40 -95
-15 40
68 -62
27 64
-28 39
-21 -83
-92 13
-30 4
12 -23
-16 -32
-45 -77
4 89
93 72
89 68
-94 -50
-2 -34
-44 33
57 -77
72 -67
38 94
72 67
61 81
-21 81
-66 41
-43 18
-92 -37
-9 -37
-49 -16
-66 90
-99 91
-93 -55
83 14
-81 54
47 7
-3 19
-27 -93
-51 2
88 -67
-57 96
2 -49
-42 93
-36 -41
-74 -2
99 -72
-11 88
-22 -54
84 -40
60 53
65 6
-91 -89
75 -68
-81 74
34 57
-93 77
52 -41
79 60
-49 -58
69 -72
41 17
-44 80
-45 -16
-75 -62
44 85
41 -42
-30 -85
32 -61
39 -85
96 -4
93 -2
55 21
-43 57
63 -74
85 -47
-7 91
-68 48
-26 -93
36 -83
42 -24
-74 83
26 -4
48 -93
35 -14
-77 -20
83 -85
78 -13
36 -65
-57 -52
-89 -73
2 4
-83 -16
-48 -9
-8 38
-41 -67
65 -15
66 -10
31 13
-2 -85
50 21
-5 -18
-14 -27
69 -79
-42 -88
-81 -31
90 21
23 58
-95 25
-52 -3
-37 -43
-20 -73
-8 -54
-33 -78
9 65
88 -42
-65 -17
-10 21
6 -41
-8 64
-79 12
83 -90
-68 -45
68 88
31 67
-66 94
-77 15
71 -34
11 -63
-62 70
53 -74
79 88
-41 -32
9 65
27 -100
-22 48
-38 -90
9 -55
-35 -24
-68 46
-58 -33
-11 -84
32 -41
-18 93
-53 20
62 50
46 40
37 55
-92 96
19 -15
84 -92
57 -8
-47 73
18 -64
18 11
3 -93
27 -66
-84 59
77 -87
-22 38
63 75
-21 87
-55 49
-29 92
-5 -96
51 -98
25 65
90 -58
-25 -8
100 52
-24 67
10 -48
80 38
41 43
-38 69
93 42
55 -63
-10 76
80 85
81 30
37 -74
-67 -39
91 -77
-46 -85
-35 -47
67 42
70 -74
44 50
65 -66
-58 -74
-98 -66
18 7
-79 -93
-17 51
43 -87
-20 -71
-61 -36
-9 81
-13 45
46 52
48 13
-57 -32
-11 38
-83 -47
72 -41
-70 75
-57 48
-69 -36
6 14
-85 -52
27 -55
-23 17
9 18
-53 46
-88 93
-2 11
-45 41
79 45
-72 96
48 -100
-96 28
25 -53
-24 56
11 32
-80 -24
80 -3
-28 -94
64 81
-25 -90
27 -13
54 75
98 59
-35 26
3 -6
-29 -99
-56 -25
29 69
22 55
-26 84
-14 -6
-91 -85
42 -19
73 5
-38 -53
-34 39
34 -81
-37 -18
58 82
72 -71
83 -85
4 11
84 77
-84 -92
60 2
2 69
18 94
-50 -10
-51 -38
37 15
51 -80
-16 -87
-48 -89
41 -90
93 -37
90 25
-22 -7
-64 -38
-31 -48
-80 79
4 -28
48 -79
-34 48
-39 15
60 48
80 10
69 -37
23 71
-76 -87
31 68
-24 20
-8 5
64 -22
17 -68
30 37
-89 85
-92 9
-95 -26
-44 -83
39 -85
65 18
-25 -17
31 48
-46 56
61 35
23 88
-95 -86
-58 69
-7 59
51 73
-5 62
7 3
-80 -37
28 -74
-20 -84
-59 -56
35 -34
28 -85
-87 32
71 25
-84 -57
-38 -79
-92 4
40 -49
-38 -9
74 57
-98 -19
-91 -77
44 -13
-51 -77
4 -59
-83 89
7 -5
-97 -29
-74 25
96 94
18 -43
65 26
61 5
27 73
96 -49
-21 98
32 -12
71 -75
26 71
99 -71
-89 -85
-83 -32
-39 71
39 -63
-5 -16
-70 -87
-9 96
-11 -49
74 -55
-33 -48
93 49
-9 64
74 -84
-16 22
96 -55
-13 63
13 48
33 -98
86 79
-14 -85
92 78
61 -20
79 -90
-54 3
-45 -37
55 -52
-89 96
62 35
62 96
-44 7
-60 -6
-31 53
-59 53
5 -74
31 42
93 22
19 53
52 -53
64 49
50 69
-89 -45
67 74
-100 -22
-42 63
-27 15
-81 13
59 -11
-34 100
92 21
77 22
-38 69
94 81
-29 -5
79 85
-57 -22
54 -95
-17 20
79 -16
99 87
97 -29
1 -85
85 -91
-46 -100
-91 -55
21 86
17 34
4 10
-36 75
-95 -58
60 99
-29 13
83 -18
88 81
-31 84
-98 20
50 37
30 -97
-13 39
100 58
-26 16
-9 78
-74 56
52 82
48 11
30 -82
74 -16
73 57
16 60
-13 85
-6 -11
5 -57
-75 -66
97 12
23 96
-30 97
12 11
74 -12
-34 25
-81 -86
87 -1
